0.1283284389247743,0.04006583063329827,0.030323315693790626,0.00045809221499049037,0.044048282540820244,0.04538081040469297,0.02148419180577689,0.01424054184869221,0.03142763847751399,0.037798505880321194,0.0278141216919857,0.040146442085613285,0.0072314961325670975,0.03352355021414366,0.0375987120365366,0.019954385340996875,0.033390109980767066,0.026403484310726085,0.024811664573626314,0.027835464289737308,0.022302246092270352,0.03971683638543198,0.030486991738288945,0.03860658948532593,0.02841151010520135,0.02450727968316233,0.011468694665175668,0.03818195921935344,0.05385992266418451,0.05591888823942566,0.026012182434891378,0.021970459767208357,0.0668572470584811,0.03573811280926126,0.030001873025825236,0.018642405063986317,0.013218530052780003,0.03305580641105476,0.03677352357957524,0.014668434728868833,0.023903160680040274,0.04338025497106023,0.008973236781778426,0.025972176896507798,0.03821820903498689,0.026820937228524015,0.03549761132414828,0.03740654135778079,0.024309787142437044,0.02443704177899587,0.0503308320595975,0.023242667884154068,0.03443475347271688,0.045323031225724585,0.05927611122307943,0.018203164085653655,0.052140035064911196,0.07783178416196515,0.04108422125181269,0.05365857808201748,0.013573451708103146
0.04006583063329827,0.1782744587269939,0.06758213136871306,0.0017045998142680362,0.033569309824956296,0.03639256435293424,0.04686738331634057,0.03114063195459048,0.038600124822016184,0.053217506255346554,0.03503506825617483,0.07758213519465286,0.023424188472458075,0.029895601527039812,0.061002339022671236,0.016504083028448302,0.028420621712136933,0.024222239038193604,0.04808826266204013,0.03976651559698962,0.03386760954670685,0.027081197673014274,0.02777027797640569,0.05551911585290605,0.03370452856843841,0.05717289835884549,0.027553862810062116,0.024467693525916236,0.06887128574307289,0.05719511089239,0.03645664575603304,0.01918528635556471,0.10014002426311268,0.04909556175145791,0.03287840538250349,0.03733870099193459,0.02530159321291382,0.05475678175414573,0.03221500761827744,0.039601074369852926,0.02360796275565757,0.0354848220182477,0.017919982232356486,0.03061082515624062,0.04493405079093714,0.0554150422170845,0.0924607470482591,0.04553256227124519,0.012955521798290863,0.026961856842842,0.04423402715235485,0.040536904890338996,0.0573875702158689,0.0591981635398929,0.07151476081332955,0.011575748184001623,0.06838341242597465,0.07165255573083942,0.0394367028641267,0.0791896152872785,0.02969898196625747
0.030323315693790626,0.06758213136871306,0.212839678349901,0.0014066409163229392,0.030369201194807433,0.044281415149618454,0.056512799805115664,0.049322306114431703,0.03853819192660835,0.07079802594877013,0.03382904340645146,0.07660657371326798,0.03602187490529868,0.04245874706044262,0.05306019525271291,0.0440705738941992,0.03055468696355964,0.032744501578243795,0.047759871818037584,0.0439557548921583,0.03774004986176053,0.03825121155212826,0.031533807995619126,0.059169124782320004,0.0682244160145289,0.047216457173985926,0.046551546788818676,0.025094905434981277,0.06455900664296653,0.08293996728336248,0.05222034869136621,0.03918429709351632,0.11803094161174338,0.0527820314546059,0.0288685933338822,0.044681784172940525,0.037390773986771965,0.06183839286088817,0.030102411318753956,0.0437648724651742,0.04795229960394453,0.044724039029512525,0.03538551156250173,0.03522770691081267,0.060336434620835266,0.04632163269527972,0.13984789399648803,0.050408732958389,0.029844080979656993,0.04168289201433477,0.08966457048484783,0.04542870182975493,0.06295480194079726,0.09787726287738316,0.07895309673071964,0.009605467700784003,0.0759328222983081,0.09337208332799073,0.03237443597317431,0.06091057018115509,0.023640492399529596
0.00045809221499049037,0.0017045998142680362,0.0014066409163229392,0.0003048848288336464,0.0009671990700746242,-0.00016514381751676227,0.00037480368554231155,0.0007263853208861835,0.0002675354263136261,0.0014454941126838977,0.0010235233693799007,0.0006321149154989305,0.0004666516138033986,0.0007639242657353157,0.001027820468234043,-0.00042678635633121255,0.000560177985475085,0.0005695538465623898,0.0008928292535788419,0.0005835842617516834,0.0005842380822450622,0.0006334687637141917,0.00045450255990386624,0.0008716285668220388,0.0008354486880104861,0.0009520014763308164,0.0006122562383205398,0.0009420285277964058,0.0009695891359225221,0.000705367639552143,0.0010033259143679624,0.0007239571593399773,0.001088244865534659,0.0009107543391031661,0.001054772813499993,0.0007933941077562067,0.0004512649780014099,0.0008299066518392897,0.0003615639736694581,0.0006165550542584152,0.0009586218487687854,0.00046296500503657594,-5.6627946864886226e-05,0.001007675556907465,0.0008683035498033897,0.0010592893377989185,0.001567962368256196,0.0010306027539701238,0.0005447312164764826,0.000749930148703823,0.0007635675589128825,0.0008039148646615307,0.0005126006538713779,0.0015315162483414684,0.00022221884432127456,-0.0001659231451495632,-0.0004123716802952736,0.00044096616765210855,0.0009345604158922921,0.0016343481624045877,0.0008533414165493834
0.044048282540820244,0.033569309824956296,0.030369201194807433,0.0009671990700746242,0.09659422428171549,0.03367694666501047,0.005926890926555277,0.009514806792134756,0.019463093448148765,0.02387080338155921,0.026607579761189677,0.020301188061597298,0.01018929843115104,0.03249676691420915,0.02985988973011169,0.012435867401821845,0.02236188428464961,0.016279204438140658,0.022125136457226625,0.016369310789541645,0.01777637340033259,0.022390256765334682,0.035764182859968664,0.026759621673785202,0.021080876295682602,0.006135852469799854,-0.0145261904724509,0.0272730691354916,0.03140850998036635,0.043771678256813204,0.021632051898555358,0.030337831077158917,0.04331953096535743,0.024234770625393868,0.015773400817372434,0.022507554176244723,0.014722060586123952,0.025117291445105345,0.01962541025052574,0.007395157637488404,0.026366531972743523,0.02851454152558927,0.010750039263978307,0.02194024856989328,0.01981442387778923,0.011494695816876977,0.03086424639696538,0.022882537362907584,0.018365291165066043,0.015333206213871202,0.032820890717568864,0.0044858354647418,0.011622777715739779,0.015299521414319322,0.028162638091190625,0.013621400886971807,0.0223866457038208,0.041451195686022166,0.04528909412408412,0.012465124071394686,0.0017706958111931813
0.04538081040469297,0.03639256435293424,0.044281415149618454,-0.00016514381751676227,0.03367694666501047,0.1726389695373801,0.027377403881319737,0.012901894348960434,0.04106274590247235,0.0353516089656992,0.023779345326830324,0.021910807442476303,0.02734290325829892,0.026666529461017333,0.044138628894734966,0.03744764899685555,0.02735864396542106,0.02121561724974002,0.02897956494719182,0.027919519195043475,0.023263411683148945,0.03273270887737833,0.035058254601482576,0.027458459685206497,0.025855618299256138,0.03476992688319429,0.009594858662830042,0.029241756584592826,0.05690933679918282,0.07731695458256925,0.021600564999236776,0.019936415126507505,0.07739157654995713,0.031483834556087324,0.030242586997561306,0.026415731785979918,0.017991010341632772,0.04111445574955926,0.0293616283218838,0.02610987325160894,0.05079152422934973,0.03545686851835228,0.014743414923193332,0.0196440715197893,0.005840343088761271,0.04984037766036775,0.07410528942421782,0.037787816819229235,0.010966927319788322,0.018107452330167986,0.04276783712673592,0.008834918306484394,0.035528408634072584,0.04398719268112562,0.03226413782574678,0.013733813662931488,0.03642104723637612,0.08511895303290082,0.02962616647156147,0.03732997840240835,0.018628596384500117
0.02148419180577689,0.04686738331634057,0.056512799805115664,0.00037480368554231155,0.005926890926555277,0.027377403881319737,0.07423621147526291,0.019178767622441282,0.03167308190389484,0.041084709952581774,0.018927970176200112,0.046149627681437176,0.01630296132980152,0.012169727471139667,0.036393358714154576,0.022757875929951207,0.01958758708072463,0.020926369802272696,0.029100139394898722,0.04054409201571097,0.023007161893073946,0.020066783194198207,0.022265964380420528,0.0384139772644038,0.024529779684589765,0.03794812608016317,0.025353766356616105,0.012992839388620095,0.0412638227970481,0.045265739508019646,0.02061998595737691,0.01018226167499514,0.05108251278883415,0.032480127303311644,0.023826763547216637,0.020817700022439503,0.009308422337601,0.03770525063650899,0.019348304842477744,0.03896971138084582,0.025658205107171157,0.02546010234692336,0.019891480272654662,0.01821060320968767,0.03352798880192907,0.04339370101429114,0.06485566548907655,0.03526966843454152,0.006314689209402236,0.015347381070368942,0.038095712747189696,0.03343527560286622,0.05533597869219374,0.05638839851189905,0.0730363128993458,0.011292422840520953,0.042850254964194597,0.057672445391671795,0.0075554569549262434,0.06914172331425442,0.022151566677497667
0.01424054184869221,0.03114063195459048,0.049322306114431703,0.0007263853208861835,0.009514806792134756,0.012901894348960434,0.019178767622441282,0.07164428162844039,0.0049730030622945195,0.025745997202533066,0.009427081128941979,0.02810907277921124,0.012496385134007661,0.01726855197286884,0.029066246466067404,0.014462643365117241,0.010822962025903157,0.011640292008915554,0.02412547413652862,0.01715851803238061,0.020619288644355353,0.016106051896082645,0.005546247812468094,0.01611644289778973,0.019938308264139785,0.019618212655222043,0.028085261557301282,0.009481869068927933,0.025222113991620065,0.03578377209119901,0.02223408493800435,0.023690720240929233,0.05196360635393355,0.024055756712698634,0.014596281063829543,0.013625990229831962,0.016041727189857694,0.03130608529015931,0.013483464992161251,0.021971630541774628,0.01856701449523424,0.01828049006114952,0.01995701203914653,0.015460567312213559,0.035123952065653975,0.031535003395233734,0.02924006144377741,0.021000536809460246,0.011878709006303747,0.01707905307038139,0.05505886455307078,0.019390599531873245,0.021465762809486297,0.039327616847295695,0.013780463022435725,0.001462649925295983,0.019776901087947846,0.038248645081817446,0.015079152607732713,0.03203640412814197,0.014257898249274967
0.03142763847751399,0.038600124822016184,0.03853819192660835,0.0002675354263136261,0.019463093448148765,0.04106274590247235,0.03167308190389484,0.0049730030622945195,0.19181395041534333,0.033422382975391164,0.023491776169970335,0.028953635506359755,-0.0017728100587590075,0.009551698525106747,0.03530746835751987,0.017223347868795317,0.022814452456917184,0.029930423003447067,0.02056133317979639,0.021626151630770408,0.018538191807770752,0.014741564842420724,0.02854456809175316,0.05256453694489742,0.02235455946832932,0.026295086207755492,0.0279313864751774,0.01730287508545747,0.025041860149243263,0.04592168917931525,0.026212010008409805,0.023177199056203752,0.03053217882692351,0.030118595794815926,0.041016883384296855,0.02132403610559715,0.011758394357921803,0.04186499078810376,0.016137384637423435,0.013708682419626632,-0.0033472130792753523,0.02594271188073703,0.006110566966940866,0.021163250601437048,0.017718570062719624,0.025484399716240533,0.06291549331840934,0.04062618172491415,0.006530353287925758,0.01704635640532724,0.06517996915298076,0.025649154264979046,0.03906755393450906,0.043416583125750245,0.058207945554280965,0.0023139066587030016,0.044055140616369816,0.04393798411448091,-0.005593808001139306,0.03568225328319519,0.008918920493501414
0.037798505880321194,0.053217506255346554,0.07079802594877013,0.0014454941126838977,0.02387080338155921,0.0353516089656992,0.041084709952581774,0.025745997202533066,0.033422382975391164,0.10049413842300517,0.031512433071669434,0.06269974190960505,0.013353624004859144,0.01532496037866576,0.04192954795483565,0.02321909438501909,0.029156959993737255,0.02873992159754645,0.05803465611451442,0.02651579572243336,0.03670570768340229,0.030085830878601453,0.0396583104581267,0.05363780909729106,0.0326930543189635,0.03797925608934947,0.0381764841797986,0.031029093942668087,0.07196535821078175,0.0641478181826318,0.03291830390827823,0.024733309502166206,0.09135598181912197,0.04706951451735378,0.03967684031340578,0.026539029063160198,0.006192117462759006,0.04701440717388415,0.03572125336815214,0.0340178797925289,0.03303058669194653,0.048594862550474516,0.010369670289431025,0.034805743261862365,0.044980018620083044,0.05880666774283006,0.12749679535872616,0.04746376604108035,0.008615955433402869,0.019042040147966215,0.03549773025431429,0.028993918385461667,0.04788775778657234,0.09009025842733527,0.07468813703245855,0.016969267777134568,0.0661747823636447,0.07656445376311789,0.032564426533647294,0.10898587179373637,0.02930749213325343
0.0278141216919857,0.03503506825617483,0.03382904340645146,0.0010235233693799007,0.026607579761189677,0.023779345326830324,0.018927970176200112,0.009427081128941979,0.023491776169970335,0.031512433071669434,0.04335424033055018,0.02499934927971496,0.016929747503817958,0.019559268958559986,0.023262840775708473,0.013490694813816675,0.015831995018025225,0.010609278108574233,0.020502830467867994,0.01826981164253496,0.014398613292426475,0.0178051582860757,0.019893139604373593,0.030395031750062453,0.021468318010935954,0.020846933677537944,0.013975370500741616,0.01578498186989789,0.03359346329709676,0.024756251852991264,0.018569300029445283,0.002622373876579263,0.039660741270175506,0.024256743756975476,0.019403923019931265,0.01787961406066358,0.013419905480600978,0.02676539925186797,0.02351991227522429,0.012387597024135251,0.018817136466235132,0.024182794755032527,0.006063608126731196,0.023182013197643896,0.02475979414340424,0.03037263205616689,0.05313894051866154,0.025565828876998736,0.009647630123562796,0.015472889661639918,0.03425540654023187,0.01516303079860466,0.026356162805936563,0.03456013509607842,0.0371162053772232,0.0036633642824961937,0.03661300716992882,0.041298505084735405,0.02037005288678801,0.030972653361673513,0.009587008419984297
0.040146442085613285,0.07758213519465286,0.07660657371326798,0.0006321149154989305,0.020301188061597298,0.021910807442476303,0.046149627681437176,0.02810907277921124,0.028953635506359755,0.06269974190960505,0.02499934927971496,0.2559157108558305,0.003860437984372282,0.02051450101292324,0.04939073504634615,0.047400409934411636,0.019177836612913886,0.024749929282948408,0.04720218262422933,0.02564270105930492,0.0397099838594605,0.017066803837698662,0.03950826047090615,0.055425306251342996,0.03378872416176504,0.05003511543868879,0.0618146236192889,0.0167241498031811,0.042274560653287656,0.05076252637618988,0.031980844721768056,0.027353219659301296,0.0812208479506638,0.04544894837256138,0.028865162496024756,0.03511775675720276,0.011097561859200553,0.04711391405977312,0.021999114210007078,0.04863766149082861,0.04735861797955247,0.047170166144276666,0.017387417192471655,0.03132625258080354,0.04815345520872645,0.05759720174270597,0.09914393477880779,0.03998677953461501,0.013782254827431353,0.021980001853580924,-0.007150316769843627,0.05003922500055426,0.05445517706003954,0.07549790304840372,0.08981563649585113,0.025072866033618458,0.08356791944135343,0.08087790911641067,0.02381399496341868,0.0990175942712112,0.0316070032743449
0.0072314961325670975,0.023424188472458075,0.03602187490529868,0.0004666516138033986,0.01018929843115104,0.02734290325829892,0.01630296132980152,0.012496385134007661,-0.0017728100587590075,0.013353624004859144,0.016929747503817958,0.003860437984372282,0.11729026558068588,0.010350949023613056,0.030747578750069057,0.024637282631597417,0.005153407643231979,0.0035632153015187898,0.020486145687458258,0.01316248546826318,0.004930133405905701,0.016610891737903092,-0.0048187936524422695,0.0021753678300752877,0.01227496304477712,0.01701136706564723,-0.004096075772671969,0.007707455421089515,0.025466075279478414,0.02887532404788422,0.0053847340154485985,0.00781022471712626,0.04257637962062855,0.009426816794677743,0.0072303349320101545,0.00696963743110685,0.016517443921803043,0.026725862907906454,0.012128697546350075,0.014125413245449199,0.020614576789813998,0.01448416581459995,0.021688842601313624,0.014590555211443567,0.0001931965941682052,0.03419655399082008,-0.008790250077298608,0.003239183838080319,0.01713979298279453,0.015101305168921414,0.026078678530388217,0.015611733442938711,0.04203123665504451,-0.0006330348090514979,0.013674445774559802,0.01620538670038848,0.014110155489528138,0.026828337610109814,0.021656556358815946,0.027709676915285093,0.007710049453146553
0.03352355021414366,0.029895601527039812,0.04245874706044262,0.0007639242657353157,0.03249676691420915,0.026666529461017333,0.012169727471139667,0.01726855197286884,0.009551698525106747,0.01532496037866576,0.019559268958559986,0.02051450101292324,0.010350949023613056,0.07625729736644563,0.019196168368118317,0.013669668507620721,0.0218208575322329,0.016179957126917582,0.010757988439531489,0.02312706412844656,0.020971047856036287,0.017760998113143946,0.030136860337685565,0.024737108266722527,0.031552799859403305,0.020748134040032135,-0.0021613042476904573,0.019300852269367362,0.018204468089417964,0.030248765673989285,0.0245376641983681,0.019145047995092517,0.02194956578573413,0.028217095218625823,0.02099624543677898,0.02679023796869113,0.033204404306608946,0.019649306542542024,0.019038568736078704,0.005378801556637988,0.020942560429435795,0.019466590997990547,0.011521422453758893,0.018786426192019458,0.010634508765096718,0.018120372648801442,0.02752179001525982,0.02381972081837647,0.03179344339253889,0.03263174364440018,0.02377479417641222,0.014004696992456012,0.021034672043716725,0.02579564078547728,0.018507440974696514,0.002235478033813436,0.020622519494233146,0.02874529250585952,0.025561413281232227,0.0056654296565477975,0.012539809851671356
0.0375987120365366,0.061002339022671236,0.05306019525271291,0.001027820468234043,0.02985988973011169,0.044138628894734966,0.036393358714154576,0.029066246466067404,0.03530746835751987,0.04192954795483565,0.023262840775708473,0.04939073504634615,0.030747578750069057,0.019196168368118317,0.10236461417740263,0.029371617272501746,0.022227547657224525,0.02214247363918108,0.04028933737188976,0.036222260251877504,0.03630959436889189,0.020396403196956944,0.01989439677400197,0.03694635447100784,0.029707347543817642,0.03733631567925638,0.02539396918233445,0.025977932154185878,0.04242039971785496,0.06702149580312051,0.025969037327821208,0.025949656675268187,0.0745467377850171,0.033557268245767796,0.02706875920404479,0.023421944612392206,0.018653738290624382,0.04810898521527291,0.01741676629098218,0.031868369191340735,0.03681663522002288,0.030976054444089247,0.03342832259116501,0.022584183174200037,0.04112905232940655,0.04631996535229208,0.05357804432768326,0.03357712368498123,0.014605175907639472,0.01746354317186797,0.0351394873503402,0.03054619408163688,0.03986095904151144,0.04948026253998768,0.056687724613325045,0.013180521135341886,0.04060312391881325,0.06689919399366297,0.03509668477540998,0.021992541428978902,0.02242834965879298
0.019954385340996875,0.016504083028448302,0.0440705738941992,-0.00042678635633121255,0.012435867401821845,0.03744764899685555,0.022757875929951207,0.014462643365117241,0.017223347868795317,0.02321909438501909,0.013490694813816675,0.047400409934411636,0.024637282631597417,0.013669668507620721,0.029371617272501746,0.12894419625813727,0.01671484615024703,0.01727649465785464,0.020840084176105184,0.0038753857684133896,0.017622191592013843,0.0221492923536692,0.01800799882830658,0.026972340113707118,0.01784443106004461,0.007544902762288658,0.002607356274192608,0.01823365869759278,0.049341232936395675,0.02860130627203412,0.013926138769988586,0.01810650643935563,0.04065200531548687,0.013144004912355949,0.02739637662776921,0.020695260548820617,0.01782191007660927,0.024699613579142726,0.014184501981576033,0.016738266895525742,0.03413361923256291,0.01753602613632833,0.018696255433957622,0.011914839298223538,0.023952750339845126,0.033821713372141016,0.05880611072553782,0.010633278488446595,5.600641909277491e-05,0.009422478507788105,0.024004413901261172,0.012965500349247046,0.024572590824896243,0.039135331151713096,0.05603503328816945,0.012211998270188549,0.035488013223161245,0.0627991813676351,0.00904542918310927,0.02168190408041066,0.007893154898341205
0.033390109980767066,0.028420621712136933,0.03055468696355964,0.000560177985475085,0.02236188428464961,0.02735864396542106,0.01958758708072463,0.010822962025903157,0.022814452456917184,0.029156959993737255,0.015831995018025225,0.019177836612913886,0.005153407643231979,0.0218208575322329,0.022227547657224525,0.01671484615024703,0.03401995839320994,0.02209931177448254,0.01921583655525989,0.01760260250483292,0.017895716200520044,0.025052090099565643,0.01901708989396095,0.02366330593243234,0.021792325554082812,0.013278174503658811,0.010625921820631969,0.02069343041148202,0.03162044477700744,0.031040592888656477,0.015963112505424485,0.011018314763522297,0.03711871561654951,0.023597256372007262,0.02215842084323111,0.018770965263036014,0.014174037885452644,0.024168571600225335,0.0224402928896134,0.013042284801731308,0.018506427434609556,0.02050271551966613,0.00894910972110758,0.014324047393196069,0.022984413386140917,0.02380105571837983,0.037531915393515275,0.02210217736230347,0.011055401184656326,0.016762597572805047,0.03976887957314687,0.014315569518582292,0.023429187020876353,0.028174177734580006,0.03324286971878406,0.008088643670946158,0.024672734755195463,0.0397483168441251,0.019262335623369053,0.038759235937704375,0.012384537929078487
0.026403484310726085,0.024222239038193604,0.032744501578243795,0.0005695538465623898,0.016279204438140658,0.02121561724974002,0.020926369802272696,0.011640292008915554,0.029930423003447067,0.02873992159754645,0.010609278108574233,0.024749929282948408,0.0035632153015187898,0.016179957126917582,0.02214247363918108,0.01727649465785464,0.02209931177448254,0.04515685342368766,0.02289746704146606,0.016880348102572645,0.016938912850808716,0.020129236472340373,0.022435301218825605,0.022920100052072186,0.01990011392504677,0.01746159499274058,0.016098131232449752,0.018446243047021967,0.037212890940345494,0.024142814068204226,0.018516129130698975,0.01835276242231377,0.044659660857462105,0.021324121817584175,0.02050334310895027,0.019853528816980506,0.01325264567052859,0.027449887344295813,0.017120123013632145,0.015716712958953452,0.020038468365429715,0.021432320786796532,0.010791612309660173,0.012752239889538504,0.0221711894905545,0.025384338986402945,0.05219724156778385,0.02108248058979226,0.012584702933998375,0.01589492976880887,0.029389954833832208,0.014761264628993112,0.02521080443185975,0.03404267540075196,0.038850635209616596,0.004198914610401759,0.024017124795968653,0.040702373326615984,0.015287175154331324,0.027165182414185814,0.014677451145889777
0.024811664573626314,0.04808826266204013,0.047759871818037584,0.0008928292535788419,0.022125136457226625,0.02897956494719182,0.029100139394898722,0.02412547413652862,0.02056133317979639,0.05803465611451442,0.020502830467867994,0.04720218262422933,0.020486145687458258,0.010757988439531489,0.04028933737188976,0.020840084176105184,0.01921583655525989,0.02289746704146606,0.07495148147921402,0.021774966340832133,0.03246654990272374,0.0218876296132761,0.032743703802768864,0.033143290791633244,0.018484438335420676,0.03472329398500088,0.02472944195921355,0.02207508576565736,0.04861010371752965,0.05022657595198427,0.019715635318911965,0.03008625518146141,0.07346186166491535,0.02966438907505449,0.016793749084603654,0.015037267562862206,0.009602786640947117,0.04038878330311776,0.023775585774826587,0.03237852598577542,0.03595869044063138,0.03340694678072488,0.023147462556625743,0.02265568493464468,0.03499967903394191,0.04609029832918328,0.06558337029767866,0.028671442484221318,0.005214042328032805,0.011298106023777886,0.026770030520993884,0.020632561966184543,0.03479377510865086,0.06375314639961427,0.059586791934736004,0.017549983965491366,0.05050405777564905,0.043083731243189025,0.0237123328160129,0.08778506909926652,0.018594964025589366
0.027835464289737308,0.03976651559698962,0.0439557548921583,0.0005835842617516834,0.016369310789541645,0.027919519195043475,0.04054409201571097,0.01715851803238061,0.021626151630770408,0.02651579572243336,0.01826981164253496,0.02564270105930492,0.01316248546826318,0.02312706412844656,0.036222260251877504,0.0038753857684133896,0.01760260250483292,0.016880348102572645,0.021774966340832133,0.1135583004854249,0.021458327726166022,0.015490626824391247,0.024021300822052206,0.03188404203449631,0.024194921949329255,0.024440567455694492,0.032782043753635505,0.013112806081747934,0.02410441781695693,0.03266862255276317,0.018742585567532978,0.006211073427426795,0.05078359758996326,0.031139028848639772,0.019353483891433078,0.021815237898967582,0.014391290718965775,0.03264660986430065,0.018790652735225212,0.03068438644151058,0.023107565975699525,0.02530299684871877,0.019116923451212364,0.013752450173943904,0.021997559031811144,0.04167586059647311,0.03436652908993634,0.03777569281094611,0.02380896484865524,0.01708704693587015,0.0021999765282400907,0.036446864089037585,0.04263868937647016,0.037454769716494855,0.02393060779119887,0.00356440025154719,0.031083868565601854,0.04779682407004721,0.01890044407336816,0.04014543610930089,0.013789422756129864
0.022302246092270352,0.03386760954670685,0.03774004986176053,0.0005842380822450622,0.01777637340033259,0.023263411683148945,0.023007161893073946,0.020619288644355353,0.018538191807770752,0.03670570768340229,0.014398613292426475,0.0397099838594605,0.004930133405905701,0.020971047856036287,0.03630959436889189,0.017622191592013843,0.017895716200520044,0.016938912850808716,0.03246654990272374,0.021458327726166022,0.06442480761190543,0.01299644675192188,0.018837669194489728,0.02454495538692962,0.01989340505772103,0.029496809578183156,0.020156351307930434,0.019866805380836097,0.024191317379371028,0.03963314619410672,0.018862801805375584,0.015498164051834006,0.04572819809642105,0.026788137907232418,0.014949246458118248,0.016316630999733347,0.014365226418790759,0.02824851133707994,0.0176546747439419,0.03216354325318856,0.024914420816216264,0.027287159750810815,0.014775639289913578,0.01851214504160698,0.03428485035198914,0.03563368733246766,0.049400819228464565,0.02582759773699608,0.010320855509828251,0.01751457931575364,0.031689372037472796,0.020598162380032863,0.02580078479576048,0.046143490438835935,0.0369187424856364,0.004790125022311271,0.0337179608034266,0.044463055984240975,0.02114013838943017,0.05288021693809904,0.009151522979131915
0.03971683638543198,0.027081197673014274,0.03825121155212826,0.0006334687637141917,0.022390256765334682,0.03273270887737833,0.020066783194198207,0.016106051896082645,0.014741564842420724,0.030085830878601453,0.0178051582860757,0.017066803837698662,0.016610891737903092,0.017760998113143946,0.020396403196956944,0.0221492923536692,0.025052090099565643,0.020129236472340373,0.0218876296132761,0.015490626824391247,0.01299644675192188,0.09900073024529009,0.02040113644209026,0.024494650311792696,0.021800412287198985,0.017151056146229002,0.005764571374573143,0.02642882155160677,0.04481857071892317,0.037258665164306294,0.018464407727122375,0.013676683055553696,0.05146261984289113,0.02705917421406625,0.01721125250548284,0.017527373238404937,0.01285758356710665,0.024876633951754483,0.027053011990246338,0.023974287151946234,0.02982177082768617,0.0202236428963887,0.005149470363066979,0.015391307687059166,0.030010518820742117,0.028488617060968315,0.046435165762986556,0.02295896794184152,0.011191555881034921,0.01563617329116873,0.01782701146761026,0.010162923185154509,0.01451703277910018,0.029827602498556042,0.034577670605785815,0.012443499282838626,0.043238815573946536,0.06396753288905171,0.028165494254313597,0.04584401093587779,0.014893067022268674
0.030486991738288945,0.02777027797640569,0.031533807995619126,0.00045450255990386624,0.035764182859968664,0.035058254601482576,0.022265964380420528,0.005546247812468094,0.02854456809175316,0.0396583104581267,0.019893139604373593,0.03950826047090615,-0.0048187936524422695,0.030136860337685565,0.01989439677400197,0.01800799882830658,0.01901708989396095,0.022435301218825605,0.032743703802768864,0.024021300822052206,0.018837669194489728,0.02040113644209026,0.14759075190107393,0.0463407267352942,0.02313425716396997,0.020406318171800532,0.013652409357195031,0.019734218234589856,0.040094823520211334,0.05325800610944336,0.022375264568359754,0.027510432511185817,0.059612155589668404,0.02598109787091435,0.01701291234104349,0.01963147747545508,0.012060249818200591,0.030535978503818118,0.020066573927073346,0.02493572820798734,0.029539330924244586,0.04094557253237102,0.013716265368487041,0.019946407022161175,0.0345899312952765,0.03236200305948512,0.07510277957146107,0.026201426015405645,0.01114046207624096,0.014666048871323733,-0.1764021410033658,0.01986186049890147,0.02816978225650364,0.05873164468594989,0.051305683342869904,0.011395331549931468,0.05212265564379391,0.04122598847138294,0.012519896392056166,0.04275375493525097,0.013334636319010811
0.03860658948532593,0.05551911585290605,0.059169124782320004,0.0008716285668220388,0.026759621673785202,0.027458459685206497,0.0384139772644038,0.01611644289778973,0.05256453694489742,0.05363780909729106,0.030395031750062453,0.055425306251342996,0.0021753678300752877,0.024737108266722527,0.03694635447100784,0.026972340113707118,0.02366330593243234,0.022920100052072186,0.033143290791633244,0.03188404203449631,0.02454495538692962,0.024494650311792696,0.0463407267352942,0.09814838625734974,0.032738237692697736,0.031382751319702126,0.028515899444999875,0.02481132663350049,0.05474226231533753,0.0505387074156347,0.0346195289022299,0.024931111871558345,0.07756243940304591,0.03656069497202791,0.03461244428011257,0.03245495822979797,0.012411669781061879,0.042578058455505684,0.0279509935275469,0.02297023217527118,0.0352572997111427,0.03654253507060879,0.015203707614085623,0.028765228444735468,0.04078499459289339,0.04308482856637491,0.10777154042314649,0.03983402888996205,0.009114363719516672,0.019400100914925795,0.014755666423824414,0.02873781797688365,0.04334805509479508,0.08374566570468925,0.08452032480568845,0.0071001945755586994,0.06035920334219375,0.049309120043147026,0.019363009583459528,0.07450374072376045,0.02041953407659112
0.02841151010520135,0.03370452856843841,0.0682244160145289,0.0008354486880104861,0.021080876295682602,0.025855618299256138,0.024529779684589765,0.019938308264139785,0.02235455946832932,0.0326930543189635,0.021468318010935954,0.03378872416176504,0.01227496304477712,0.031552799859403305,0.029707347543817642,0.01784443106004461,0.021792325554082812,0.01990011392504677,0.018484438335420676,0.024194921949329255,0.01989340505772103,0.021800412287198985,0.02313425716396997,0.032738237692697736,0.048431114648891355,0.02592962222842029,0.02081612470777247,0.019155993175221205,0.03549454274444638,0.04097595979191007,0.030286405124597474,0.028408303850998625,0.05364761769531664,0.029640133228335936,0.02374257480032314,0.027149783360666972,0.025248590177948716,0.03476128959004612,0.019976836849076994,0.01646659196782765,0.026546969566882767,0.025100549499829494,0.020512302118181468,0.01873269658050356,0.028323223926346938,0.0236029490004952,0.0699877258070868,0.030323918890527636,0.019124386256423237,0.025555714908712956,0.044472464670827466,0.019808386562820645,0.031987211411977,0.04812853453673058,0.0420652911032599,0.006808352715686961,0.040634365295104974,0.0441736073897296,0.016750344453305106,0.01928592403544463,0.014668497829996173
0.02450727968316233,0.05717289835884549,0.047216457173985926,0.0009520014763308164,0.006135852469799854,0.03476992688319429,0.03794812608016317,0.019618212655222043,0.026295086207755492,0.03797925608934947,0.020846933677537944,0.05003511543868879,0.01701136706564723,0.020748134040032135,0.03733631567925638,0.007544902762288658,0.013278174503658811,0.01746159499274058,0.03472329398500088,0.024440567455694492,0.029496809578183156,0.017151056146229002,0.020406318171800532,0.031382751319702126,0.02592962222842029,0.09099872709735349,0.036781213991815775,0.016459178368590097,0.038191793532298485,0.04771481595728378,0.020798034701312015,0.017635619195016567,0.06262435353245104,0.03132014313155231,0.017868429158824323,0.021168127942561336,0.01770208708072799,0.03878258164126487,0.019034701895967177,0.03419522257472962,0.030605593807901746,0.029262264231728306,0.010822646493177141,0.020025207989784542,0.03213639477963856,0.03730383286042963,0.07644805576427537,0.03408088152912597,0.009415897769076375,0.015615342425967724,0.024694959479997485,0.041746608134224546,0.04326016979452106,0.07342317460029807,0.05298220640665541,0.009691343226079785,0.04384707953711011,0.03451410905220621,0.010724155814589489,0.034861018910603066,0.019258699024078826
0.011468694665175668,0.027553862810062116,0.046551546788818676,0.0006122562383205398,-0.0145261904724509,0.009594858662830042,0.025353766356616105,0.028085261557301282,0.0279313864751774,0.0381764841797986,0.013975370500741616,0.0618146236192889,-0.004096075772671969,-0.0021613042476904573,0.02539396918233445,0.002607356274192608,0.010625921820631969,0.016098131232449752,0.02472944195921355,0.032782043753635505,0.020156351307930434,0.005764571374573143,0.013652409357195031,0.028515899444999875,0.02081612470777247,0.036781213991815775,0.17624900589425885,0.0013534211679396783,0.010898648425482143,0.04118444259185115,0.020951415667695754,0.022739757094223285,0.04196541718424995,0.02896922427814061,0.023975262543257433,0.01509056146124535,0.003552223356090519,0.031797831816864935,0.014794357260766354,0.04550927715871219,0.004736952371927566,0.021386942245501042,0.00425784464316394,0.020150459756458038,0.0425796725971938,0.021709119077224708,0.12328059728556842,0.02854176901305067,0.000917742757911316,0.006584229696768103,0.02138215355516228,0.022506364991639966,0.022366607341460443,0.08936996814137775,0.051958157856583226,0.008635131556664972,0.05131295574238364,0.044371325540003156,0.00019800121123225822,0.07265837902158583,0.017137451587950197
0.03818195921935344,0.024467693525916236,0.025094905434981277,0.0009420285277964058,0.0272730691354916,0.029241756584592826,0.012992839388620095,0.009481869068927933,0.01730287508545747,0.031029093942668087,0.01578498186989789,0.0167241498031811,0.007707455421089515,0.019300852269367362,0.025977932154185878,0.01823365869759278,0.02069343041148202,0.018446243047021967,0.02207508576565736,0.013112806081747934,0.019866805380836097,0.02642882155160677,0.019734218234589856,0.02481132663350049,0.019155993175221205,0.016459178368590097,0.0013534211679396783,0.06629615459928577,0.0421059627750835,0.025825070680952113,0.022188575360567085,0.01120007289391364,0.04655482069392577,0.02273359459261092,0.020370486898856746,0.02043080610243029,0.013208311456174796,0.028302171093537103,0.021573651781019193,0.007508943573475431,0.042811979210443066,0.015220723546107654,0.0062793391265857906,0.015718013036957364,0.02903144353195441,0.02371052089504594,0.044963871312450644,0.021448564775743664,0.010431194333373594,0.016694494751812266,0.010960750293262553,0.00984246067498887,0.016027790825200557,0.033162834994478356,0.02980257196092363,0.007980958022675328,0.02290620880103833,0.049927257257603136,0.02511966769564908,0.02188181729647772,0.008940793206128256
0.05385992266418451,0.06887128574307289,0.06455900664296653,0.0009695891359225221,0.03140850998036635,0.05690933679918282,0.0412638227970481,0.025222113991620065,0.025041860149243263,0.07196535821078175,0.03359346329709676,0.042274560653287656,0.025466075279478414,0.018204468089417964,0.04242039971785496,0.049341232936395675,0.03162044477700744,0.037212890940345494,0.04861010371752965,0.02410441781695693,0.024191317379371028,0.04481857071892317,0.040094823520211334,0.05474226231533753,0.03549454274444638,0.038191793532298485,0.010898648425482143,0.0421059627750835,0.2159723558160016,0.06409289829403393,0.031481449567587014,0.02891654913961736,0.16750317363400205,0.03954375779124534,0.04064741701008595,0.031217572772395345,0.01607050386233,0.04872101795944017,0.05026820898174906,0.0316709450067032,0.04052431759200741,0.04383057584787693,0.02102427985633453,0.030735962947003478,0.0560713691732654,0.04889028991483113,0.11727873511255467,0.037356217331040026,0.010421549064931285,0.015093794850369859,0.023324736318088277,0.034235667801010485,0.061035298323691665,0.07392049743533842,0.0931881119340869,0.02385588139467862,0.0726978218108773,0.15769039987300432,0.04283287011350076,0.08241936281161044,0.03529917017095566
0.05591888823942566,0.05719511089239,0.08293996728336248,0.000705367639552143,0.043771678256813204,0.07731695458256925,0.045265739508019646,0.03578377209119901,0.04592168917931525,0.0641478181826318,0.024756251852991264,0.05076252637618988,0.02887532404788422,0.030248765673989285,0.06702149580312051,0.02860130627203412,0.031040592888656477,0.024142814068204226,0.05022657595198427,0.03266862255276317,0.03963314619410672,0.037258665164306294,0.05325800610944336,0.0505387074156347,0.04097595979191007,0.04771481595728378,0.04118444259185115,0.025825070680952113,0.06409289829403393,0.34070494919496425,0.04042413313833992,0.04188581068008957,0.1369760608158069,0.0536300587926916,0.04036700814087041,0.02487248982837105,0.010584934796974808,0.06776816905753999,0.030713919676026404,0.04643133488633343,0.027571974114306008,0.0645783750106376,0.017499591712687536,0.03569137302868163,0.05620821497803233,0.07452338390710052,0.11274415553767796,0.050804559101577426,0.006565084059719537,0.01682797710166675,0.08327420083717525,0.03919957233366394,0.06398746394130489,0.10905023950679699,0.10779079474587547,0.0406143428240226,0.06052317221557371,0.10397968485321274,0.036910305086363275,0.12423757578729219,0.024216623120836705
0.026012182434891378,0.03645664575603304,0.05222034869136621,0.0010033259143679624,0.021632051898555358,0.021600564999236776,0.02061998595737691,0.02223408493800435,0.026212010008409805,0.03291830390827823,0.018569300029445283,0.031980844721768056,0.0053847340154485985,0.0245376641983681,0.025969037327821208,0.013926138769988586,0.015963112505424485,0.018516129130698975,0.019715635318911965,0.018742585567532978,0.018862801805375584,0.018464407727122375,0.022375264568359754,0.0346195289022299,0.030286405124597474,0.020798034701312015,0.020951415667695754,0.022188575360567085,0.031481449567587014,0.04042413313833992,0.05614372026549211,0.002318326791002764,0.046236986520465664,0.03153970249777117,0.024658605227924454,0.02804069804747945,0.01923478550116493,0.027952388438404665,0.016052100662164965,0.017978369644768077,0.02052350967661026,0.024072838118121213,0.011935186405738842,0.019730853376729883,0.025739284565210078,0.02288127161258469,0.07440645322877744,0.0300528120488337,0.01392709671190738,0.022619195387275907,0.029675537525952,0.01641941832032185,0.025672786083278974,0.053116097435644695,0.04893406278957376,0.010681110157392718,0.041218406108544485,0.0477125156513471,0.022154470319622453,0.046573802731374944,0.014962043087488691
