9.351621749110842208e-01,7.941963480204156101e-01,6.549866847289764760e-01,4.477918937151604828e-01,3.578945419415399121e-01,2.101167961726877753e-01,0.000000000000000000e+00,0.000000000000000000e+00,0.000000000000000000e+00,0.000000000000000000e+00,0.000000000000000000e+00,0.000000000000000000e+00,0.000000000000000000e+00,0.000000000000000000e+00,0.000000000000000000e+00,0.000000000000000000e+00,0.000000000000000000e+00,0.000000000000000000e+00
7.941963480204156101e-01,8.775085522364050039e-01,7.375735047596815308e-01,6.679565869860700777e-01,4.847708817676010251e-01,3.791088014276079998e-01,0.000000000000000000e+00,0.000000000000000000e+00,0.000000000000000000e+00,0.000000000000000000e+00,0.000000000000000000e+00,0.000000000000000000e+00,0.000000000000000000e+00,0.000000000000000000e+00,0.000000000000000000e+00,0.000000000000000000e+00,0.000000000000000000e+00,0.000000000000000000e+00
6.549866847289764760e-01,7.375735047596815308e-01,8.913263978934905518e-01,8.394080463218983601e-01,7.125707410465000891e-01,4.850187563783452949e-01,0.000000000000000000e+00,0.000000000000000000e+00,0.000000000000000000e+00,0.000000000000000000e+00,0.000000000000000000e+00,0.000000000000000000e+00,0.000000000000000000e+00,0.000000000000000000e+00,0.000000000000000000e+00,0.000000000000000000e+00,0.000000000000000000e+00,0.000000000000000000e+00
4.477918937151604828e-01,6.679565869860700777e-01,8.394080463218983601e-01,8.991655820168132918e-01,7.645823241225028211e-01,6.947146420592044125e-01,0.000000000000000000e+00,0.000000000000000000e+00,0.000000000000000000e+00,0.000000000000000000e+00,0.000000000000000000e+00,0.000000000000000000e+00,0.000000000000000000e+00,0.000000000000000000e+00,0.000000000000000000e+00,0.000000000000000000e+00,0.000000000000000000e+00,0.000000000000000000e+00
3.578945419415399121e-01,4.847708817676010251e-01,7.125707410465000891e-01,7.645823241225028211e-01,9.635707996354822003e-01,8.383242470029326210e-01,0.000000000000000000e+00,0.000000000000000000e+00,0.000000000000000000e+00,0.000000000000000000e+00,0.000000000000000000e+00,0.000000000000000000e+00,0.000000000000000000e+00,0.000000000000000000e+00,0.000000000000000000e+00,0.000000000000000000e+00,0.000000000000000000e+00,0.000000000000000000e+00
2.101167961726877753e-01,3.791088014276079998e-01,4.850187563783452949e-01,6.947146420592044125e-01,8.383242470029326210e-01,9.763247291972058095e-01,0.000000000000000000e+00,0.000000000000000000e+00,0.000000000000000000e+00,0.000000000000000000e+00,0.000000000000000000e+00,0.000000000000000000e+00,0.000000000000000000e+00,0.000000000000000000e+00,0.000000000000000000e+00,0.000000000000000000e+00,0.000000000000000000e+00,0.000000000000000000e+00
0.000000000000000000e+00,0.000000000000000000e+00,0.000000000000000000e+00,0.000000000000000000e+00,0.000000000000000000e+00,0.000000000000000000e+00,8.598825328449520855e-01,8.060494765537976614e-01,6.523444909137195991e-01,5.699137605972729448e-01,4.241440975866465068e-01,2.853581729114367804e-01,0.000000000000000000e+00,0.000000000000000000e+00,0.000000000000000000e+00,0.000000000000000000e+00,0.000000000000000000e+00,0.000000000000000000e+00
0.000000000000000000e+00,0.000000000000000000e+00,0.000000000000000000e+00,0.000000000000000000e+00,0.000000000000000000e+00,0.000000000000000000e+00,8.060494765537976614e-01,8.834508616922515101e-01,7.606184266021080997e-01,5.714409672655644812e-01,5.429025923197013936e-01,3.290769137307876235e-01,0.000000000000000000e+00,0.000000000000000000e+00,0.000000000000000000e+00,0.000000000000000000e+00,0.000000000000000000e+00,0.000000000000000000e+00
0.000000000000000000e+00,0.000000000000000000e+00,0.000000000000000000e+00,0.000000000000000000e+00,0.000000000000000000e+00,0.000000000000000000e+00,6.523444909137195991e-01,7.606184266021080997e-01,9.122016570024605864e-01,7.562607764850375336e-01,7.121816604364810122e-01,5.012841636158812397e-01,0.000000000000000000e+00,0.000000000000000000e+00,0.000000000000000000e+00,0.000000000000000000e+00,0.000000000000000000e+00,0.000000000000000000e+00
0.000000000000000000e+00,0.000000000000000000e+00,0.000000000000000000e+00,0.000000000000000000e+00,0.000000000000000000e+00,0.000000000000000000e+00,5.699137605972729448e-01,5.714409672655644812e-01,7.562607764850375336e-01,8.897062584659745088e-01,7.278514693648744371e-01,6.142017434587859759e-01,0.000000000000000000e+00,0.000000000000000000e+00,0.000000000000000000e+00,0.000000000000000000e+00,0.000000000000000000e+00,0.000000000000000000e+00
0.000000000000000000e+00,0.000000000000000000e+00,0.000000000000000000e+00,0.000000000000000000e+00,0.000000000000000000e+00,0.000000000000000000e+00,4.241440975866465068e-01,5.429025923197013936e-01,7.121816604364810122e-01,7.278514693648744371e-01,9.384984404649572287e-01,8.509965857668037037e-01,0.000000000000000000e+00,0.000000000000000000e+00,0.000000000000000000e+00,0.000000000000000000e+00,0.000000000000000000e+00,0.000000000000000000e+00
0.000000000000000000e+00,0.000000000000000000e+00,0.000000000000000000e+00,0.000000000000000000e+00,0.000000000000000000e+00,0.000000000000000000e+00,2.853581729114367804e-01,3.290769137307876235e-01,5.012841636158812397e-01,6.142017434587859759e-01,8.509965857668037037e-01,9.021561247533804728e-01,0.000000000000000000e+00,0.000000000000000000e+00,0.000000000000000000e+00,0.000000000000000000e+00,0.000000000000000000e+00,0.000000000000000000e+00
0.000000000000000000e+00,0.000000000000000000e+00,0.000000000000000000e+00,0.000000000000000000e+00,0.000000000000000000e+00,0.000000000000000000e+00,0.000000000000000000e+00,0.000000000000000000e+00,0.000000000000000000e+00,0.000000000000000000e+00,0.000000000000000000e+00,0.000000000000000000e+00,9.368454047588853362e-01,7.641232602134213625e-01,6.939685884230634150e-01,5.089475110271138858e-01,2.962989795858139153e-01,2.508798786492663080e-01
0.000000000000000000e+00,0.000000000000000000e+00,0.000000000000000000e+00,0.000000000000000000e+00,0.000000000000000000e+00,0.000000000000000000e+00,0.000000000000000000e+00,0.000000000000000000e+00,0.000000000000000000e+00,0.000000000000000000e+00,0.000000000000000000e+00,0.000000000000000000e+00,7.641232602134213625e-01,9.474466633647214975e-01,7.905222068867170382e-01,6.878440204796915092e-01,4.465585010566024415e-01,3.869813123129299259e-01
0.000000000000000000e+00,0.000000000000000000e+00,0.000000000000000000e+00,0.000000000000000000e+00,0.000000000000000000e+00,0.000000000000000000e+00,0.000000000000000000e+00,0.000000000000000000e+00,0.000000000000000000e+00,0.000000000000000000e+00,0.000000000000000000e+00,0.000000000000000000e+00,6.939685884230634150e-01,7.905222068867170382e-01,9.720946886377962448e-01,7.836102193778176073e-01,6.755069036111690517e-01,4.461382672193767718e-01
0.000000000000000000e+00,0.000000000000000000e+00,0.000000000000000000e+00,0.000000000000000000e+00,0.000000000000000000e+00,0.000000000000000000e+00,0.000000000000000000e+00,0.000000000000000000e+00,0.000000000000000000e+00,0.000000000000000000e+00,0.000000000000000000e+00,0.000000000000000000e+00,5.089475110271138858e-01,6.878440204796915092e-01,7.836102193778176073e-01,9.441522562858499779e-01,8.203550232042030599e-01,6.951632666017687479e-01
0.000000000000000000e+00,0.000000000000000000e+00,0.000000000000000000e+00,0.000000000000000000e+00,0.000000000000000000e+00,0.000000000000000000e+00,0.000000000000000000e+00,0.000000000000000000e+00,0.000000000000000000e+00,0.000000000000000000e+00,0.000000000000000000e+00,0.000000000000000000e+00,2.962989795858139153e-01,4.465585010566024415e-01,6.755069036111690517e-01,8.203550232042030599e-01,9.946186675335580984e-01,7.351224398188708209e-01
0.000000000000000000e+00,0.000000000000000000e+00,0.000000000000000000e+00,0.000000000000000000e+00,0.000000000000000000e+00,0.000000000000000000e+00,0.000000000000000000e+00,0.000000000000000000e+00,0.000000000000000000e+00,0.000000000000000000e+00,0.000000000000000000e+00,0.000000000000000000e+00,2.508798786492663080e-01,3.869813123129299259e-01,4.461382672193767718e-01,6.951632666017687479e-01,7.351224398188708209e-01,9.365001049561542112e-01
