8.994733856283992912e-01,7.347862363222900095e-01,5.149867307768692948e-01,4.150281472648041370e-01,1.672474738264782823e-01,0.000000000000000000e+00,0.000000000000000000e+00,0.000000000000000000e+00,0.000000000000000000e+00,0.000000000000000000e+00,0.000000000000000000e+00,0.000000000000000000e+00,0.000000000000000000e+00,0.000000000000000000e+00,0.000000000000000000e+00,0.000000000000000000e+00
7.347862363222900095e-01,8.571852282647896004e-01,6.814382828748356546e-01,6.319455788921475303e-01,3.589115262826625408e-01,0.000000000000000000e+00,0.000000000000000000e+00,0.000000000000000000e+00,0.000000000000000000e+00,0.000000000000000000e+00,0.000000000000000000e+00,0.000000000000000000e+00,0.000000000000000000e+00,0.000000000000000000e+00,0.000000000000000000e+00,0.000000000000000000e+00
5.149867307768692948e-01,6.814382828748356546e-01,8.530774961935558842e-01,7.853382169002971480e-01,5.620715005995747804e-01,0.000000000000000000e+00,0.000000000000000000e+00,0.000000000000000000e+00,0.000000000000000000e+00,0.000000000000000000e+00,0.000000000000000000e+00,0.000000000000000000e+00,0.000000000000000000e+00,0.000000000000000000e+00,0.000000000000000000e+00,0.000000000000000000e+00
4.150281472648041370e-01,6.319455788921475303e-01,7.853382169002971480e-01,8.988329127604823832e-01,8.194634605224023760e-01,0.000000000000000000e+00,0.000000000000000000e+00,0.000000000000000000e+00,0.000000000000000000e+00,0.000000000000000000e+00,0.000000000000000000e+00,0.000000000000000000e+00,0.000000000000000000e+00,0.000000000000000000e+00,0.000000000000000000e+00,0.000000000000000000e+00
1.672474738264782823e-01,3.589115262826625408e-01,5.620715005995747804e-01,8.194634605224023760e-01,8.620351843597781061e-01,0.000000000000000000e+00,0.000000000000000000e+00,0.000000000000000000e+00,0.000000000000000000e+00,0.000000000000000000e+00,0.000000000000000000e+00,0.000000000000000000e+00,0.000000000000000000e+00,0.000000000000000000e+00,0.000000000000000000e+00,0.000000000000000000e+00
0.000000000000000000e+00,0.000000000000000000e+00,0.000000000000000000e+00,0.000000000000000000e+00,0.000000000000000000e+00,8.662219528074278641e-01,8.323787656984533712e-01,5.830961196725593654e-01,4.985759184023539903e-01,2.215873949365428641e-01,0.000000000000000000e+00,0.000000000000000000e+00,0.000000000000000000e+00,0.000000000000000000e+00,0.000000000000000000e+00,0.000000000000000000e+00
0.000000000000000000e+00,0.000000000000000000e+00,0.000000000000000000e+00,0.000000000000000000e+00,0.000000000000000000e+00,8.323787656984533712e-01,9.080951933523788711e-01,7.050888625097262441e-01,6.260609133226483491e-01,3.398864972310970956e-01,0.000000000000000000e+00,0.000000000000000000e+00,0.000000000000000000e+00,0.000000000000000000e+00,0.000000000000000000e+00,0.000000000000000000e+00
0.000000000000000000e+00,0.000000000000000000e+00,0.000000000000000000e+00,0.000000000000000000e+00,0.000000000000000000e+00,5.830961196725593654e-01,7.050888625097262441e-01,9.439785158837444845e-01,7.707899467019417861e-01,6.088865320665258762e-01,0.000000000000000000e+00,0.000000000000000000e+00,0.000000000000000000e+00,0.000000000000000000e+00,0.000000000000000000e+00,0.000000000000000000e+00
0.000000000000000000e+00,0.000000000000000000e+00,0.000000000000000000e+00,0.000000000000000000e+00,0.000000000000000000e+00,4.985759184023539903e-01,6.260609133226483491e-01,7.707899467019417861e-01,8.465284889125740397e-01,8.169968072659353764e-01,0.000000000000000000e+00,0.000000000000000000e+00,0.000000000000000000e+00,0.000000000000000000e+00,0.000000000000000000e+00,0.000000000000000000e+00
0.000000000000000000e+00,0.000000000000000000e+00,0.000000000000000000e+00,0.000000000000000000e+00,0.000000000000000000e+00,2.215873949365428641e-01,3.398864972310970956e-01,6.088865320665258762e-01,8.169968072659353764e-01,9.240756543409570645e-01,0.000000000000000000e+00,0.000000000000000000e+00,0.000000000000000000e+00,0.000000000000000000e+00,0.000000000000000000e+00,0.000000000000000000e+00
0.000000000000000000e+00,0.000000000000000000e+00,0.000000000000000000e+00,0.000000000000000000e+00,0.000000000000000000e+00,0.000000000000000000e+00,0.000000000000000000e+00,0.000000000000000000e+00,0.000000000000000000e+00,0.000000000000000000e+00,8.697134687744022541e-01,8.210798923079790645e-01,7.072226271301284006e-01,5.452808908864616999e-01,2.937066341128215519e-01,2.295567089302870678e-01
0.000000000000000000e+00,0.000000000000000000e+00,0.000000000000000000e+00,0.000000000000000000e+00,0.000000000000000000e+00,0.000000000000000000e+00,0.000000000000000000e+00,0.000000000000000000e+00,0.000000000000000000e+00,0.000000000000000000e+00,8.210798923079790645e-01,9.092880199314402612e-01,8.450582574961048588e-01,6.042247205374871033e-01,4.943184984479987443e-01,3.423744433471593296e-01
0.000000000000000000e+00,0.000000000000000000e+00,0.000000000000000000e+00,0.000000000000000000e+00,0.000000000000000000e+00,0.000000000000000000e+00,0.000000000000000000e+00,0.000000000000000000e+00,0.000000000000000000e+00,0.000000000000000000e+00,7.072226271301284006e-01,8.450582574961048588e-01,9.228411285939238651e-01,8.093638677646906032e-01,5.978265915838374411e-01,4.768685977434100609e-01
0.000000000000000000e+00,0.000000000000000000e+00,0.000000000000000000e+00,0.000000000000000000e+00,0.000000000000000000e+00,0.000000000000000000e+00,0.000000000000000000e+00,0.000000000000000000e+00,0.000000000000000000e+00,0.000000000000000000e+00,5.452808908864616999e-01,6.042247205374871033e-01,8.093638677646906032e-01,9.054813884853502026e-01,7.200149897395916598e-01,6.495345515914374701e-01
0.000000000000000000e+00,0.000000000000000000e+00,0.000000000000000000e+00,0.000000000000000000e+00,0.000000000000000000e+00,0.000000000000000000e+00,0.000000000000000000e+00,0.000000000000000000e+00,0.000000000000000000e+00,0.000000000000000000e+00,2.937066341128215519e-01,4.943184984479987443e-01,5.978265915838374411e-01,7.200149897395916598e-01,8.872944378598311976e-01,7.221544499746779255e-01
0.000000000000000000e+00,0.000000000000000000e+00,0.000000000000000000e+00,0.000000000000000000e+00,0.000000000000000000e+00,0.000000000000000000e+00,0.000000000000000000e+00,0.000000000000000000e+00,0.000000000000000000e+00,0.000000000000000000e+00,2.295567089302870678e-01,3.423744433471593296e-01,4.768685977434100609e-01,6.495345515914374701e-01,7.221544499746779255e-01,8.927763063577284219e-01
