0.2193490725302615,0.017111891028231473,0.016170016566449057,0.019180009425028725,0.050378625563773885,0.02320450203218483,0.020577460748463595,0.025497374017403304,0.01896296198658596,0.021689339639479933,0.020499606459375767,0.016217180682456336,0.03228882753491725,0.019799954700563508,0.005765031310805625,0.025228209954310462,0.025483909024414865,0.011873495979342478,0.011327932721514106,0.017686634535882872,0.02091968269033978,0.03212816024208357,0.015447701176110842,0.017309503817791665,0.022040061443686226,0.014774142518582108,0.014004164658183601,0.023761250557846447,0.025568899039279794,0.0132576468131662,0.015708935257253566,-0.003817806912624932,0.02830248936521168,0.03938213069835115,0.016932248546510587,0.029559654020222495,0.016003237613962672,0.03525014005631986,0.02462915788195217,0.013956195327950277,0.009653517091117836,0.02631470428238102,0.030031155272238794,0.01673441069442453,0.009198583484482062,0.022214532177823428,0.047210603139662216,0.03425026441775779,0.02115204896443305,0.03050465930498782,0.03759523630522056,0.009480716756893038,0.036290765200832874,0.008721648790857657,0.013635991115923422,0.005864911843457599,0.029033180296555054,0.019090129201628243,0.03964622383325097,0.00398887426927636,0.007365204610330668,0.030290474204877977,0.0013991100500654753,0.009267291296651145,0.023115178192931206,0.016743045482663043,0.04348122889102881,0.0053589271597110555,0.02460643573913768,0.02092922939936887
0.017111891028231473,0.16251081553440908,0.015359922773019702,0.01870138535086148,0.04121310004133294,0.015770975633193778,0.024113567675686565,0.021256469561967008,0.018380989660346434,0.019474319573177773,0.01217036026357001,0.021007774152828493,0.026280982079045317,0.012960476340327789,0.006538686598405304,0.030795749865108288,0.02552062726722469,0.0072620383163301905,0.011819698129701788,0.01925752061463531,0.023597538757933013,0.03904678762188927,0.02004546782661532,0.011725003915908276,0.017464500094967243,0.015538309138051237,0.015775405529274037,0.018975386039958204,0.018818858852267268,0.009469100490806927,0.03952372144264511,0.015845518023865673,0.02338505190457895,0.0502587315539278,0.025529613741729434,0.022670643429160964,0.018020893343181167,0.033929137506771276,0.007598952967511358,0.012175272611303021,0.009691552725381237,0.0307966307182055,0.03977921380875924,0.013415761645933352,0.006570180494242004,0.03842308402902418,0.038077418777474004,0.039946172829869946,0.017589349950578273,0.03710889043686449,0.042131494324792705,0.004635138415912072,0.03337527589743345,0.00985547436614436,0.01899869420751514,0.006788423561215979,0.035332540829774585,0.01726460593085715,0.054034354080750496,0.004309219022611675,0.007279008621090701,0.024798288494789704,0.005083091837403814,0.006385190560252041,0.01819196576085619,0.04528059523301863,0.05062041604867662,0.005096842931606925,0.01785598154278689,0.017225532157733047
0.016170016566449057,0.015359922773019702,0.13491694791416703,0.018909655434257266,0.04157091241705611,0.02633210960405356,0.021437378215826777,0.02800384236713736,0.017533476774610268,0.02164217035687424,0.02227884829751998,0.014775202215235244,0.028666971750078457,0.019000091195510414,0.0038337394252481406,0.026050074463532594,0.026344154985630874,0.018664447750102436,0.00970542235487237,0.01892466398070519,0.012062115412606683,0.030354449248705884,0.016056761934249177,0.023612367267149593,0.023649348916181624,0.015235028153307621,0.018105831495101476,0.022037718654641183,0.016511656446492853,0.016861704370320252,0.002462003837206567,-0.0017369988284349914,0.022697764729941356,0.035645432296052416,0.018068624191279158,0.023932101050637228,0.014669395569956344,0.044569654241228523,0.019715530065923997,0.003615155501977175,0.013911189761963315,0.013513997736337092,0.03317329605356941,0.013043151310492022,0.011273650669412726,0.033349664479546834,0.036699163272866264,0.027373730254115203,0.025690042306882085,0.02866191625140463,0.05891345840308177,0.012514415926909463,0.027884920135865583,0.014528696907081525,0.021813121837828832,0.0033002196107098924,0.02443951363306852,0.0088210541450224,0.038094181251444224,0.002941599069670743,0.01325869702460473,0.026254277887377886,0.0031769946762583248,0.018325803845812796,0.017237135497998088,0.046465531803738226,0.04442358151805936,0.0009874816993810593,0.0217132677714932,0.020557799714309075
0.019180009425028725,0.01870138535086148,0.018909655434257266,0.04622029874326339,0.04594177209814936,0.02295520066622982,0.025394530320216706,0.02168354652931267,0.018979510273972953,0.027386053543596394,0.021583518217289634,0.017108936592611364,0.020538705461216108,0.016415123280486842,0.007389322732896791,0.02746961140680584,0.028913997679326384,0.01142982279906789,0.010085767963741634,0.019544000300214737,0.015217521045728046,0.025450398567341243,0.019013034611725838,0.015532200235729147,0.01639404740158272,0.015486582160775086,0.021498673155476735,0.024577164997581367,0.01730713882580774,0.01298851599656906,0.014212968889453913,0.009042374750932058,0.02334672293907944,0.03099684103377356,0.018625890289724036,0.02489301262212475,0.02196091584779676,0.03791251689320628,0.016916239360340007,0.004321402686411603,0.007471300771925216,0.026921094964450224,0.025368212766278944,0.01823734891452587,0.009543720892905335,0.027488709604148807,0.033198563365760485,0.025931354682725564,0.022622660671840187,0.02916172168503771,0.030608921146433796,0.013669424599774311,0.028211574070985405,0.013337675364017296,0.013615346680594135,0.006332127869682882,0.022755779539049427,0.01212627598603256,0.02948347710706989,0.0021996546302824635,0.010103678238165978,0.02567408343241878,0.0009010574865936441,0.012559644421736687,0.015578885900783448,0.032466068729187225,0.03736455009916043,0.0036525493464854403,0.018072042883128314,0.0220328934775208
0.050378625563773885,0.04121310004133294,0.04157091241705611,0.04594177209814936,1.0248627599138522,0.1157330312033111,0.11679830685423494,0.08820374373358077,0.05362763269594577,0.07694993619782485,0.03461124158266567,0.04393817676219736,0.0512016647366651,0.030548375588741614,0.011583257628080948,0.12840553146285388,0.08998244809283615,0.01564978492458482,0.02069509491750113,0.07728792620511048,0.02414282520563562,0.1827815966136823,0.06559601713236377,0.030050732054635678,0.043707432377248466,0.03963315482672852,0.04961085503941449,0.06885800448193069,0.03359890414535072,0.005481918556581014,0.08221891414441708,0.02069054917852046,0.06351129093683235,0.20856397339267804,0.03914828923449214,0.06368794365065464,0.04756580247892018,0.1588158764866082,0.01632848049421759,-0.003218744092577983,0.015123575915384713,0.09922782325965444,0.12998003062692,0.03526017814254996,0.007041083745152164,0.3891275306107453,0.12113335358399106,0.05633843313292403,0.0696140742583401,0.06318722713215685,0.2975426464744089,0.0279258803555527,0.11515092931000209,-0.0019704828139848144,0.02964412669407216,0.01134412110314208,0.10470943725710938,0.029612605731547385,0.16404124005558277,0.0036969415211745753,0.021844505334594297,0.06605232981048245,0.000836606303354299,0.011357876668139697,0.03620219831003623,0.308458819687322,0.29658162918349323,0.007050267746956183,0.03252597738118346,0.05810950231809846
0.02320450203218483,0.015770975633193778,0.02633210960405356,0.02295520066622982,0.1157330312033111,0.26467776535382903,0.02855834298024669,0.03233946557796233,0.022200136400070493,0.033150699811112405,0.020422900280631404,0.019846533223813818,0.032667243559805735,0.016402002178219886,0.01179158466418758,0.04466900191347085,0.035003987345078424,0.011672918715236017,0.00983960169746493,0.022536156179286834,-0.0042043963890262,0.03744410526554035,0.01917999191277238,0.015117987990953275,0.018154827330262073,0.023060302865582426,0.01636311563330791,0.026683375770922304,0.01808874394528402,0.009792205947225083,0.02781573163906306,0.007651737026921831,0.028437309312844748,0.05451774762208463,0.02221502463145145,0.035506216848846014,0.02456730248003578,0.04230240669489528,0.011208320422982313,0.012466646950359279,0.010348706896610452,0.02744250627117866,0.031617346364141895,0.01929145152541243,0.008311766684472251,0.06788365452244069,0.047535814134860244,0.03546997711304261,0.040701169830729744,0.03200046651134139,0.06905814462305217,0.017572395426008587,0.0364299240282519,0.00894826308344962,0.032519003285263186,0.00360385964296704,0.03611841067542567,0.00641711567544095,0.08724168280533373,0.011432246808011066,0.014834481599588488,0.03695233300905223,-0.0010157024708360098,0.009839662144722636,0.022594454502303057,0.08178942837293847,0.06790072178517018,0.002236352388644143,0.023999403402043276,0.027415895227150013
0.020577460748463595,0.024113567675686565,0.021437378215826777,0.025394530320216706,0.11679830685423494,0.02855834298024669,0.08465151248132445,0.0309009173437744,0.02606737777295329,0.039118594815005875,0.028568215107498334,0.016290431394586895,0.02909819779899409,0.017746098826027193,0.01346323699683477,0.05263468509204171,0.0387736785576382,0.009171300552583103,0.011050443222291359,0.03600619328264838,0.007443356453799367,0.0707230327839413,0.026014308248863884,0.015855250339633847,0.025649513973324028,0.020457582207906184,0.028927375761240454,0.03584537232504205,0.022847687508848802,0.009243079890500487,0.041562634179194376,0.016616374702134264,0.03324174344898255,0.07916217266257476,0.03112209898765575,0.03748574606620507,0.0256817690278257,0.05465533989483167,0.012061010829718633,0.006914414702274167,0.009179270688573948,0.02597793042698083,0.042078126098434296,0.020391033818043403,0.005774750898088561,0.07753272544369269,0.04964387949505766,0.03387710595727664,0.029410046592559934,0.037208146771007734,0.07700732116622919,0.015300066886862184,0.04697665701199119,0.008464989210495507,0.021420994754156326,0.006287941130986312,0.034267355695974534,0.021521060810188754,0.059291876600575624,0.0052547706654746396,0.011348136171336332,0.03896368648547603,8.473272408048969e-05,0.010723922294435206,0.022915800456925307,0.058772850778126315,0.08845317632259907,0.00490684123452856,0.02121934309226492,0.03130667124111862
0.025497374017403304,0.021256469561967008,0.02800384236713736,0.02168354652931267,0.08820374373358077,0.03233946557796233,0.0309009173437744,0.2240920274064841,0.026948564445566384,0.0319047023068988,0.017597464974403638,0.023277576903250812,0.03809370102904921,0.019675008506316403,0.009869263407621795,0.03718620948072671,0.036813684364122266,0.005432800110406579,0.005802827810747388,0.02682073072947595,0.00826084719599452,0.036894403421585245,0.017018661702241825,0.014097228840151804,0.020487334039153742,0.02310620109289502,0.01920135367047359,0.031197312154081745,0.016348323546188325,0.005960908591888645,0.025164308725564584,0.011326317607231344,0.02810433012785999,0.06286165847175335,0.026898245640263663,0.03287810351640766,0.01929017149422022,0.037502332358848575,0.0021056724544993998,0.017249666143241003,0.010367938024951735,0.03202000064433877,0.04313581674759269,0.017313370536767198,0.004283127408304367,0.05007416909628814,0.05254768358925167,0.05735221196065769,0.039088162485808084,0.0330880065965245,0.07330733427961912,0.015863564381669665,0.03275091327605737,0.0026372519695545306,0.021260497946026337,0.00837585219449303,0.031958997366102714,0.005677178255982703,0.052196548626852524,0.0065110704365470146,0.005418082894472183,0.03921637260246798,0.002298504180526707,0.009271684521373287,0.02116458619928714,0.0661758345394221,0.05477285556255083,0.004308118705642276,0.02170546937187234,0.0272714958382329
0.01896296198658596,0.018380989660346434,0.017533476774610268,0.018979510273972953,0.05362763269594577,0.022200136400070493,0.02606737777295329,0.026948564445566384,0.11781255958927646,0.027599247120500943,0.017752985562064724,0.021237332453926686,0.022078451374503434,0.017235774561982473,0.008634008669830351,0.027742737447422887,0.035438408895961976,0.010724495005167574,0.007184388261493378,0.02236425268198296,0.01720846046381668,0.043274215122813396,0.017211628188242543,0.012815292128725831,0.015554053663084244,0.01645339773981274,0.01855440480449422,0.02533018730042193,0.017360719121566337,0.009883297989531357,0.014135256473093152,0.0067138675993547664,0.028587458839357104,0.049120965105441,0.023847583182401162,0.027383285133610186,0.0197729885601586,0.03422087098257461,0.015284099945921682,0.0074271304593384,0.007443797977783518,0.029791871830849526,0.03179683758161291,0.017504313481469715,0.005591646191940422,0.033825709897726035,0.03663932943336218,0.03016559835109128,0.020564913460940006,0.03617326804957888,0.045041095600287476,0.011196410200969559,0.0344273899778115,0.007908824115098191,0.025718017557988908,0.006816232383394133,0.03811890986838247,0.01785689642628424,0.04250358640982113,0.002927350418632284,0.009350654465784158,0.02528554789832603,0.001492839473624242,0.007491118498493178,0.018418226584756933,0.04793648519534585,0.04494844333177489,0.0038431151511827788,0.019691178497089134,0.02263455181532647
0.021689339639479933,0.019474319573177773,0.02164217035687424,0.027386053543596394,0.07694993619782485,0.033150699811112405,0.039118594815005875,0.0319047023068988,0.027599247120500943,0.06664280920827162,0.023459689463313758,0.02141443758348953,0.028381164709361487,0.02249848616625824,0.011095368363134926,0.038731648776885924,0.04870630222852631,0.01165781931993335,0.00933656502878977,0.029974024028903763,0.012859224086334295,0.053283716867660286,0.027176541513090607,0.016024477263464638,0.02843768714713806,0.02949956445871923,0.030862334743286188,0.04395629447528207,0.019511579975112738,0.01110163961405913,0.01687658595948058,0.010715834591247928,0.04232795781740833,0.05842902726293064,0.024226587821456914,0.04504208345096316,0.026905462130945766,0.047499658280503614,0.019308481640244585,0.00753904754981411,0.009053984216956025,0.03020193362548141,0.045276484742129676,0.0258341548590195,0.008185709249679662,0.048231297018556614,0.044754399695822795,0.032124749348767516,0.029883191419023528,0.03930709576375203,0.050296951559855585,0.01965961993855358,0.03921399711019283,0.010308535892670301,0.02138903100271656,0.005515512291214176,0.02847673467529994,0.012234197223764339,0.0506711386806021,0.004828031857997152,0.009315900764394851,0.03431641205209278,0.0008351343975408733,0.011288081777199645,0.028022735261274113,0.058758467713357874,0.059582069166478686,0.005188087878012782,0.02398907955053048,0.03859427060681243
0.020499606459375767,0.01217036026357001,0.02227884829751998,0.021583518217289634,0.03461124158266567,0.020422900280631404,0.028568215107498334,0.017597464974403638,0.017752985562064724,0.023459689463313758,0.06341281605255887,0.012748861375585679,0.02862998483338957,0.017941434242137844,0.007907199889835875,0.026931126162135905,0.025125606631966172,0.010296051780158133,0.011456211616027645,0.01931920374301631,0.006277981663334698,0.028903672889866373,0.015343438676124022,0.013727892941386648,0.01999135402608386,0.011012018212817618,0.01905956294468611,0.024475336007834903,0.018201861683964482,0.011486600697719338,0.01298470618750814,0.0034308927226879135,0.023907053015665085,0.033971236935473104,0.02154841375324265,0.026486962826425518,0.016342818781446767,0.036101963898255415,0.01497576088098667,0.004968630314642289,0.009296022449812296,0.017636311046515987,0.026974383339474394,0.01618109043599339,0.008854089421593993,0.02979678945484765,0.031011690661875216,0.027537105676595158,0.02460455699557911,0.021811653093672122,0.0295380682555337,0.01142495671528412,0.0256114617791399,0.00888683846339647,0.009774366641896603,0.0036232442389800765,0.017865063140701035,0.010561561466266458,0.027695742001591295,0.001020869417820206,0.009039800042943514,0.022965784719999795,-0.0003771062962084292,0.01075657637807534,0.01741650638050106,0.00933708535891759,0.02855322507875172,0.0014502560085731236,0.021101658156486736,0.021709645128415722
0.016217180682456336,0.021007774152828493,0.014775202215235244,0.017108936592611364,0.04393817676219736,0.019846533223813818,0.016290431394586895,0.023277576903250812,0.021237332453926686,0.02141443758348953,0.012748861375585679,0.13049764965309205,0.021832755775246897,0.01836252639449005,0.005394960461562011,0.02170181147582608,0.027694852569947623,0.0111416870063148,0.008711145045091871,0.019327776591877024,0.005278101147342332,0.02305089467279434,0.014981182450992394,0.011899545357251006,0.020282999532050146,0.013276921905209434,0.016168564286196896,0.02247180064780597,0.015621283558982239,0.012420318001396135,0.0192475034842922,0.017326425907838564,0.022857049983811016,0.03873808103382067,0.01836233962979148,0.023804582317391035,0.018094720478793527,0.030347301234273635,0.01550378731991999,0.0100560790356456,0.009565615577548968,0.026519219396374357,0.0304560709479133,0.015412080005568455,0.009861058831294525,0.031141692569529294,0.03706949474680585,0.02125201401621243,0.0178051325267277,0.025168039994047,0.03076178894120004,0.009853140255883719,0.020931434557877247,0.013226994982070393,0.010087201806263648,0.0058388349583352725,0.018818564567222265,0.029474900745521917,0.06999653293070465,0.003535869468908864,0.00993290715930571,0.018239359122551257,0.001082428969948182,0.011723202652990313,0.016925935546020527,0.03620103937748548,0.039198924774093626,0.003807381715031859,0.017748667840086513,0.01817236666307846
0.03228882753491725,0.026280982079045317,0.028666971750078457,0.020538705461216108,0.0512016647366651,0.032667243559805735,0.02909819779899409,0.03809370102904921,0.022078451374503434,0.028381164709361487,0.02862998483338957,0.021832755775246897,0.09253010411530721,0.023578995046860604,0.01649687171692139,0.03424518321456857,0.03263787184228003,0.010220838402419467,0.013185835675502628,0.022839549030698684,0.02577450504909278,0.03826460088221407,0.01956959367158619,0.015287110817888182,0.033098638062337045,0.020124134605669034,0.02113489062674501,0.036259281338961495,0.027835662847409893,0.011905103817231314,0.02524129606313325,0.004570053468487527,0.03855144709624867,0.050378026694702656,0.03643499536926844,0.042670471611888285,0.019943841690395418,0.033101501047227755,0.0221602545668193,0.010237063652670695,0.01286220068776354,0.022217277042923374,0.028856350764576558,0.019642242203279186,0.011518740757119542,0.03535169182426495,0.05379607703277511,0.0460230607607844,0.0209245122235665,0.035815294294742166,0.0394053922138802,0.01569781119741101,0.036046382483682686,0.010491325949300726,0.017296999066108605,0.006028343054390105,0.03367364425135947,0.014023223890190067,0.024180111384415483,0.006320440690124654,0.008532235160795909,0.03789259892561869,0.00021089033976442163,0.01105088916209008,0.031658833760299036,0.02422218279710049,0.03617337336501301,0.0049289044824369485,0.029283299917632403,0.032110958189874805
0.019799954700563508,0.012960476340327789,0.019000091195510414,0.016415123280486842,0.030548375588741614,0.016402002178219886,0.017746098826027193,0.019675008506316403,0.017235774561982473,0.02249848616625824,0.017941434242137844,0.01836252639449005,0.023578995046860604,0.03892789026876597,0.006050075907901279,0.016997690459037002,0.022375696241215843,0.00913873472457316,0.006421464092933054,0.01460798730920441,0.002493314975031749,0.025479931366468183,0.01471931160070132,0.013184828055409912,0.01995153492301946,0.014656162196324846,0.017012760985817485,0.024111884105062636,0.014985939939607389,0.009963053560838573,0.006832028608355696,0.004543990600971518,0.023767891588543286,0.03260252097573367,0.018274047185174724,0.025606748133125558,0.014539946374953917,0.025846760422299362,0.017265116878402088,0.007345394442846658,0.007099760108203571,0.014661777229631282,0.017343225524901012,0.013971803394169261,0.00817298932346088,0.021123785795350968,0.02977511210891128,0.021892950615401648,0.014631999594261197,0.024460502482148195,0.025086143615284964,0.012062174780360807,0.022092254170637426,0.009632683828189067,0.014666133584970006,0.003401368872733751,0.01852398707078077,0.012316091797696379,0.02850721738541244,0.003345414339058309,0.007859871203452232,0.02728269955049319,0.003143699036536425,0.009070196852451286,0.016196992962610342,0.02316876917279163,0.020407207713817568,0.0016896228122231193,0.018623112719471223,0.020175152455840093
0.005765031310805625,0.006538686598405304,0.0038337394252481406,0.007389322732896791,0.011583257628080948,0.01179158466418758,0.01346323699683477,0.009869263407621795,0.008634008669830351,0.011095368363134926,0.007907199889835875,0.005394960461562011,0.01649687171692139,0.006050075907901279,0.06508949816934223,0.008743398432989203,0.01491191970231743,0.00046714935827790185,0.004476566658351677,0.00979583942005868,0.02141334969093101,0.011468039373554647,0.0035399160994334026,0.00477784623636696,0.009634416405821708,0.008186351931407503,0.006953132312938944,0.012254770657027795,0.006776140703087116,0.003441284611473072,0.011039917824264507,0.008905363037881394,0.01134090466785282,0.01776610360040128,0.0120839403505687,0.01341589189587771,0.00594218017158999,0.015272571469139485,0.004955697083238472,0.008937909906631113,0.001373545357172623,0.017531522628459553,0.01034769658725137,0.005516384903232575,0.0026128803611137246,0.007332043831858412,0.013997195881869772,0.01091138016828919,0.010137663434196892,0.013147445486673072,0.009613228098374907,0.00405191544582314,0.01156206979016634,0.003497706541042163,0.003495884726041208,0.0024731013320454702,0.0015159192982746802,0.004477494666218117,-0.012354225451339358,0.005525526577414017,0.0013292271661631168,0.01180268886574616,6.653304746903557e-05,0.0033985829427500606,0.009690666190863674,0.004077875265916564,0.011440230227438552,0.00386550370652456,0.00806171714580854,0.010135732235016588
0.025228209954310462,0.030795749865108288,0.026050074463532594,0.02746961140680584,0.12840553146285388,0.04466900191347085,0.05263468509204171,0.03718620948072671,0.027742737447422887,0.038731648776885924,0.026931126162135905,0.02170181147582608,0.03424518321456857,0.016997690459037002,0.008743398432989203,0.12451947883102668,0.043361801805473235,0.009093195806626441,0.0108254747641156,0.034699232720935134,0.015701357579024064,0.07472563889959716,0.028570599783085793,0.01721368759836919,0.026806395746453198,0.025456824928525197,0.030395673174472976,0.03855184894759181,0.02555203872508182,0.007414537742548639,0.03783570450276164,0.012033009406474431,0.036705246774924864,0.08726127126890222,0.035421205152406696,0.04187653498747139,0.02897283382983964,0.04796289504129874,0.010056908213863416,0.0060161256280407815,0.008194156134065633,0.03381205402325145,0.04926660449632748,0.023039887378088143,0.006406968223789449,0.09130893376397876,0.05256055685364453,0.04652392048458917,0.030894812117355296,0.037764582365659785,0.08414383309659758,0.015356788558370898,0.05873098857167123,0.007673933017179912,0.022607848686458425,0.004932994382775227,0.03842712732876606,0.0167688492016139,0.04823534659572845,0.005326200246405196,0.011342359243167005,0.0416663231478307,0.0006301219735072648,0.010863928698131495,0.026286760944521544,0.07210940513105092,0.08467967950480738,0.004901700626003771,0.024915768563991105,0.03326708724962136
0.025483909024414865,0.02552062726722469,0.026344154985630874,0.028913997679326384,0.08998244809283615,0.035003987345078424,0.0387736785576382,0.036813684364122266,0.035438408895961976,0.04870630222852631,0.025125606631966172,0.027694852569947623,0.03263787184228003,0.022375696241215843,0.01491191970231743,0.043361801805473235,0.07859035069824456,0.013363696946033524,0.01138255943904602,0.03130349712441553,0.013070850368015368,0.057943318829961545,0.025949814059583534,0.017772847813036598,0.031386109738478905,0.028050535984817396,0.029057712158326872,0.0426305067323283,0.02577987494511898,0.01193288850881593,0.02192125564278628,0.010874787429072047,0.04304892397350822,0.05796920738664187,0.027527813674378447,0.04519249664603268,0.027041971621802125,0.04924975856935255,0.019367465762841967,0.009414325070940411,0.010945520257445935,0.03661144706010892,0.04895531877588794,0.02497298296573646,0.009048430432024019,0.06306217477220695,0.04974347984209109,0.036066414458255876,0.028348185895474175,0.037306319922305285,0.061291844506388915,0.017656496666612325,0.044355612659031436,0.01149701729342918,0.02354568290934557,0.007482178514481531,0.035129935384246136,0.016712090698377785,0.04783125133800037,0.004396671772736222,0.009156644071310543,0.0377720659363981,0.001448146073345228,0.0124878197911007,0.027938915661474908,0.06134615802998754,0.05410698103040227,0.005407574920244598,0.02564953100282592,0.03759462699345854
0.011873495979342478,0.0072620383163301905,0.018664447750102436,0.01142982279906789,0.01564978492458482,0.011672918715236017,0.009171300552583103,0.005432800110406579,0.010724495005167574,0.01165781931993335,0.010296051780158133,0.0111416870063148,0.010220838402419467,0.00913873472457316,0.00046714935827790185,0.009093195806626441,0.013363696946033524,0.03269262387459858,0.010859218688645051,0.009850932701302748,-0.0026215393463264905,0.006555986154350708,0.009751451640353624,0.02189969326769534,0.008434510750195355,0.0076515993261331555,0.012783608237871303,0.009694150484402428,0.009040633843523655,0.02218880232905815,0.0032202037499183267,0.00010697495705500825,0.010638190480575443,0.00805778790947697,0.0093223405498158,0.00921728293006661,0.01168709642315302,0.01956547765303272,0.009203576598554343,0.0007151480006141454,0.012802154772194135,0.005797997594129553,0.007437207921554781,0.010393903071188502,0.011095031941156373,0.005039682314019321,0.014290955560325672,0.008489523460791435,0.007821600871660858,0.010558226669245325,0.010055192802061238,0.00804721826371868,0.012034486826745365,0.02106341148278131,0.011738992108584326,0.0014461620256391568,0.010897537493556675,0.012435542085308676,0.020165456172438048,0.001746565927870554,0.01486487381504894,0.012842430919746989,0.0014648127541401787,0.02160080348465949,0.007987033030145016,0.014047121791565967,0.005889180269773204,0.0007286495237202985,0.009090328730592573,0.010575640583819334
0.011327932721514106,0.011819698129701788,0.00970542235487237,0.010085767963741634,0.02069509491750113,0.00983960169746493,0.011050443222291359,0.005802827810747388,0.007184388261493378,0.00933656502878977,0.011456211616027645,0.008711145045091871,0.013185835675502628,0.006421464092933054,0.004476566658351677,0.0108254747641156,0.01138255943904602,0.010859218688645051,0.026089040860281493,0.009908593478042939,0.0051377396383847996,0.012276560987837656,0.00734285730727776,0.01305667981694087,0.007959477626516633,0.00726169640896489,0.0096085420164976,0.010094104224992661,0.00788499850066172,0.011734657594515932,0.006500736715048105,0.0069503026517384985,0.009818190766247752,0.013462388579104038,0.011586778381574516,0.012138098724352552,0.009529154619517569,0.016073408140847047,0.008154566582711643,0.004546512683660924,0.012102209959134554,0.011475203585923511,0.01039576418423521,0.008705424254639067,0.00806323639145572,0.0123084669592878,0.015576759127389312,0.0068964819715917475,0.011347863814301959,0.010864764136617543,0.010695718352477136,0.00511833628891363,0.011559662790869717,0.010435791788359189,0.0046530589840442305,0.002613788053079993,0.010875564667500089,0.009168464047454281,0.014875116043019382,0.0028113013517775663,0.009623666072982689,0.011672177101651755,0.00025811588654969,0.009775575021274317,0.009287951774067256,0.0012768265630185942,0.007514337156332029,0.0015778630934248337,0.010645616954259253,0.008996258249539237
0.017686634535882872,0.01925752061463531,0.01892466398070519,0.019544000300214737,0.07728792620511048,0.022536156179286834,0.03600619328264838,0.02682073072947595,0.02236425268198296,0.029974024028903763,0.01931920374301631,0.019327776591877024,0.022839549030698684,0.01460798730920441,0.00979583942005868,0.034699232720935134,0.03130349712441553,0.009850932701302748,0.009908593478042939,0.04997692002807294,-0.0009779169394441515,0.04696515441298419,0.021668230954652774,0.013419141953057837,0.018802146458335382,0.01626157307052364,0.022894804004066054,0.025797198446492878,0.015743374695897386,0.010032367065037974,0.01551471587453471,0.013425585913502349,0.024798864499405063,0.05287170709877919,0.02339658315285684,0.028473590425037023,0.022831297230550326,0.035768154828103166,0.008500243969773195,0.0044328213397977915,0.00940769299621332,0.017037719164635125,0.029709059948385016,0.017833475515535248,0.005638050976047423,0.044591715302746436,0.033014426616350366,0.018557268710961965,0.026109995609452024,0.026839224974089193,0.05122220214051531,0.012689420991344588,0.036112859022107376,0.008567716624203076,0.012977041237618309,0.006324360215587447,0.024308575664011872,0.015039357269758743,0.014396294590433158,0.0039939127246995925,0.010293368073692284,0.02823312838922782,0.0006783544200248773,0.010616463167195235,0.018070506236163783,0.04875012220689906,0.054405323336209704,0.004595596160545904,0.016595995335543005,0.023926721394797693
0.02091968269033978,0.023597538757933013,0.012062115412606683,0.015217521045728046,0.02414282520563562,-0.0042043963890262,0.007443356453799367,0.00826084719599452,0.01720846046381668,0.012859224086334295,0.006277981663334698,0.005278101147342332,0.02577450504909278,0.002493314975031749,0.02141334969093101,0.015701357579024064,0.013070850368015368,-0.0026215393463264905,0.0051377396383847996,-0.0009779169394441515,1.003445728097254,0.02984931816509287,0.0035192168721599067,0.009265394748102423,0.01717949227952014,0.011480860821265948,-0.0005623071855570329,0.020148918747203003,0.013438522260017143,-0.0030391057637589773,0.06379142626735251,-0.0018007455458939577,0.027985407894269138,0.03681083894883445,0.01591841284960648,0.024048108564862558,0.004601858624620587,0.0008789619491438083,0.018035758874069822,0.02418497167506887,0.004578577370338623,0.06539415169260276,0.018197368695848183,0.010060234981723721,0.0011860905304690557,0.015013601020625891,0.029912183673964077,0.04872038869451111,0.010577448206530313,0.027120293622436946,0.034922742006373075,-0.009030510053670088,0.015298890094254012,0.010877295667773233,-0.0016682754126263323,0.007003224683725441,-0.013187484681274229,0.01667461964324166,0.016749946886021425,0.008417988035637553,-0.004545631438181093,-0.0010455548044442202,0.010370511710100904,0.007739561487183168,0.017373777051972787,0.003271726248702413,0.006794367259547803,0.015436172897783993,0.007598370722654064,0.009189367378845502
0.03212816024208357,0.03904678762188927,0.030354449248705884,0.025450398567341243,0.1827815966136823,0.03744410526554035,0.0707230327839413,0.036894403421585245,0.043274215122813396,0.053283716867660286,0.028903672889866373,0.02305089467279434,0.03826460088221407,0.025479931366468183,0.011468039373554647,0.07472563889959716,0.057943318829961545,0.006555986154350708,0.012276560987837656,0.04696515441298419,0.02984931816509287,0.41532836196847495,0.03561256734011964,0.02014310666967491,0.027686998253120078,0.03593723321250362,0.038252952196086175,0.04935544402651699,0.02934104527575962,0.006543876536858099,0.044373320903665185,-0.0018810860955979657,0.04625859442336388,0.1214896738968953,0.040898310485465036,0.04915363002491065,0.02861538275857427,0.07126811418763805,0.011751978380421394,0.008814605329008976,0.010014736443497166,0.03333430020793669,0.05493150227801077,0.026405493538606037,0.0026523016580607024,0.11650888603121451,0.07316988092634433,0.03904724412386877,0.03199147080843151,0.058629865673951204,0.12454078138824339,0.014527712426242458,0.06917328758380487,0.006849632479262843,0.021808549515097697,0.009427297532060017,0.044998772320507904,0.01731840227337228,0.07694848019127457,0.009798527773326304,0.013778415501484526,0.053528251451606494,-0.0015132423025422724,0.012660767731608244,0.03297818578868216,0.1168394079748975,0.12959477059313512,0.005308739272921455,0.029639026044267224,0.041236216390456534
0.015447701176110842,0.02004546782661532,0.016056761934249177,0.019013034611725838,0.06559601713236377,0.01917999191277238,0.026014308248863884,0.017018661702241825,0.017211628188242543,0.027176541513090607,0.015343438676124022,0.014981182450992394,0.01956959367158619,0.01471931160070132,0.0035399160994334026,0.028570599783085793,0.025949814059583534,0.009751451640353624,0.00734285730727776,0.021668230954652774,0.0035192168721599067,0.03561256734011964,0.03545651411148347,0.013161216836245998,0.01873271515422887,0.015334288870216352,0.01985096211082176,0.021905609875307583,0.01434325885956179,0.010048925585089536,0.015546837818089,0.006157962865237427,0.02203744754851354,0.03617151566178426,0.01591562784682397,0.021951586097352812,0.020960171987284337,0.031062391243351906,0.011573804689709102,0.006882566586740515,0.007482766688760839,0.019827066852521884,0.025590981628300882,0.017150778085773647,0.009810563298122665,0.04463880416009372,0.033406833233526646,0.02060003555758238,0.014842307144951158,0.02549056280998827,0.03206157611242629,0.009602514784807337,0.02894923981103528,0.00959705585932656,0.015530014031711949,0.005651454701583694,0.02551733196687616,0.014693566500996066,0.021266368870116143,0.0036262543833093584,0.01137055735230488,0.02047202721248661,0.0009737852479319497,0.008381546162295354,0.01360346402777747,0.0406100687445263,0.04774048315138212,0.0023968303487919137,0.015500709525338765,0.019700718916744235
0.017309503817791665,0.011725003915908276,0.023612367267149593,0.015532200235729147,0.030050732054635678,0.015117987990953275,0.015855250339633847,0.014097228840151804,0.012815292128725831,0.016024477263464638,0.013727892941386648,0.011899545357251006,0.015287110817888182,0.013184828055409912,0.00477784623636696,0.01721368759836919,0.017772847813036598,0.02189969326769534,0.01305667981694087,0.013419141953057837,0.009265394748102423,0.02014310666967491,0.013161216836245998,0.03279628464957,0.015821834560527208,0.009927887837067509,0.015612903063020843,0.014986407124011272,0.015198105097005244,0.022490135498366027,0.005492616840657943,0.0019469989202760473,0.015243221690888136,0.018105252896903415,0.015157477111027804,0.016786704153524016,0.014733846453583417,0.029988641833128805,0.012382218095140302,0.0030589920538101173,0.014410450322434596,0.011447267628389273,0.015499951090494608,0.013058848573576753,0.01249613493731922,0.018088635057842598,0.024021390575903794,0.01683840831572641,0.014464917602224743,0.018362822153394652,0.01820089454772725,0.010285436197676022,0.016950877888316517,0.019471891048823846,0.014497837020198625,0.0022330598563264662,0.015604524256226287,0.012992781334121285,0.028667221024862632,0.00232966879263653,0.01577635152410506,0.02168223369610673,0.0013347673264573945,0.02130516090692892,0.011349471090694533,0.02273772306027464,0.018496830128744954,0.0029098850381756624,0.014871895980009405,0.01526859666346645
0.022040061443686226,0.017464500094967243,0.023649348916181624,0.01639404740158272,0.043707432377248466,0.018154827330262073,0.025649513973324028,0.020487334039153742,0.015554053663084244,0.02843768714713806,0.01999135402608386,0.020282999532050146,0.033098638062337045,0.01995153492301946,0.009634416405821708,0.026806395746453198,0.031386109738478905,0.008434510750195355,0.007959477626516633,0.018802146458335382,0.01717949227952014,0.027686998253120078,0.01873271515422887,0.015821834560527208,0.0981260436534128,0.017331669434734145,0.01728566252953772,0.031593918653287326,0.019946538412891315,0.010625963124269151,0.010973763248545853,0.0002716553358769551,0.03021547432069174,0.042711140893976735,0.025234934677414562,0.0327095580295376,0.01472532840590927,0.03092463625983207,0.01620657568152174,0.016215506937253557,0.01134694005849817,0.02244264912042209,0.03462157648083755,0.01837792784822668,0.010034889190773931,0.022783560425759145,0.03956250038308548,0.026063473804290093,0.014536583645448669,0.028046559317861507,0.02383437558782352,0.009213047201908109,0.027621630679150265,0.011987754279062708,0.015015126863371671,0.003337791993196104,0.011671098780954634,0.008680502967726753,0.030099896074704313,0.003785681811741467,0.008223132403268843,0.028819209502193553,-0.0005916864403284304,0.008365331980236557,0.02243939791139723,0.028735340373119374,0.03487551695940029,0.0033091593163201176,0.021851242541173214,0.026640508822825638
0.014774142518582108,0.015538309138051237,0.015235028153307621,0.015486582160775086,0.03963315482672852,0.023060302865582426,0.020457582207906184,0.02310620109289502,0.01645339773981274,0.02949956445871923,0.011012018212817618,0.013276921905209434,0.020124134605669034,0.014656162196324846,0.008186351931407503,0.025456824928525197,0.028050535984817396,0.0076515993261331555,0.00726169640896489,0.01626157307052364,0.011480860821265948,0.03593723321250362,0.015334288870216352,0.009927887837067509,0.017331669434734145,0.0550818669043195,0.018633743037398478,0.029107409534341957,0.013072368321130927,0.005075308894581997,0.014849352739544875,0.0012851821159784893,0.028077347669133963,0.03643929422998174,0.017363981798044745,0.030931211024059033,0.01469658570056919,0.029999340383306223,0.014572495549456011,0.010769437678907295,0.005384614913027911,0.020700445901530987,0.03016841318223306,0.014924445848267886,0.004967325283880116,0.032993212205609405,0.028272444903650294,0.024055582248782903,0.01862539744943602,0.02326731111093775,0.03418362805482016,0.010074129488597247,0.024529544198585558,0.003765325864510696,0.01452083486770091,0.003290468734525229,0.02061855253386537,0.007504978376639316,0.033940556285151226,0.004026429740953734,0.004608447185140621,0.026990865055678114,-0.0012475088608295594,0.0054860125739288525,0.019527694213872935,0.03213183528451504,0.031165189874004923,0.0027036430181504715,0.016446828362850663,0.02417173233723534
0.014004164658183601,0.015775405529274037,0.018105831495101476,0.021498673155476735,0.04961085503941449,0.01636311563330791,0.028927375761240454,0.01920135367047359,0.01855440480449422,0.030862334743286188,0.01905956294468611,0.016168564286196896,0.02113489062674501,0.017012760985817485,0.006953132312938944,0.030395673174472976,0.029057712158326872,0.012783608237871303,0.0096085420164976,0.022894804004066054,-0.0005623071855570329,0.038252952196086175,0.01985096211082176,0.015612903063020843,0.01728566252953772,0.018633743037398478,0.04551383457434027,0.025583871536826785,0.01571464374458742,0.012507275934690767,0.014708550122333434,0.002590287594719366,0.02445303084323375,0.03551913866550912,0.02031543966189449,0.02593592589804432,0.020792212118139138,0.04108616212319467,0.012759109477857812,0.002199149680289819,0.00858963368763229,0.019786157425134263,0.026359972274826202,0.019984583144009468,0.011120519650216841,0.030107068974508155,0.02930349133368816,0.024156699216993434,0.017936756071548533,0.027978538332813836,0.03178276404135307,0.012390730368409026,0.027878656133309015,0.011277823011383352,0.015356507061901033,0.004607184611264376,0.021071130534514714,0.015069460537388722,0.01995692376338917,0.004218468842242593,0.013708443194754406,0.022739780540502644,-0.0007545207246572527,0.012890162531062448,0.016828250245852373,0.03174390023877358,0.04358091211697758,0.003576424613398938,0.017226913539698803,0.021305184773038287
