0.037372635610202785,0.020051643008096354,0.011956886969229506,0.024483555018244573,0.004346514832605136,0.005745933987513326,0.01011965313104996,0.011101396633467755,0.01445755444705654,0.020762174657485595,0.0033284850201906616,0.019604678231014715,0.0073626287747470135,0.014424980877792756,0.012676215578186024,0.006951263874381504,0.028083449655184674,0.01378543189226924,0.014911670378670916,0.017951291936484617,0.015880847806527133,0.02262960074419972,0.01835229103465706,0.0031929343348683845,0.010341845913697472,0.009719050792174758,0.029442997155742417,0.01475244190238329,0.017301136760038888,0.016073430318977424,0.02132668092549556,0.011202583904110794,0.012917960677662477,0.022875616638084573,0.022052312065780445,0.013652414926523238,0.007564495743294665,0.0034894086425514693,0.021361475388931038,0.012253625297886097,0.01744019364476111,0.0008585773339514686,0.018923171760160076,0.007287874836403329,0.01963987241375087,0.011363846684703428,0.02008273730353257,0.015963013273144075,0.014226283906943674,0.01512941567652321,0.010590568095243086,0.042198451638106364,0.004155701862678599,0.02069147280743949,0.01030361010515705,0.011874937676480707,0.01908553221626668,0.013581193146015968,0.006931883515551353,0.024763717188816255
0.020051643008096354,0.3789239875933263,0.041618521293471086,0.04504204493404143,0.010980031785732024,-0.0029868992978546414,0.03124517222651526,0.027407941711794188,0.03419515750298836,0.05179465542726075,0.010452621101169733,0.043590839791960344,0.012508189737177381,0.041013446527281484,0.0368956147706344,0.034246235565584815,0.13125860365549333,0.02808436573758694,0.028719023858108397,0.04240723298210859,0.025160454719963456,0.04669995127080906,0.044703926229248105,0.012284061460605622,0.018869222584633926,0.038374431570791345,0.055683036752086704,0.06923946778081357,0.03816317759937388,0.021243651919266363,0.04855697881338703,0.023219842858752025,0.0344438543340821,0.053190779672070865,0.047799752486816734,0.03205622940203429,0.008424157631224002,0.029496234822767694,0.052283294134505345,0.03267733773675232,0.041653437623287694,0.0075243750955921816,0.05840700901644122,0.012450806248760259,0.05572126340546452,0.040064209926429534,0.053627277493088696,0.02295200006994516,0.0332170337176904,0.04516841318325311,0.03887628973724309,0.1553519617008637,0.024882959583690804,0.05175648197125349,0.01649837735463936,0.035426587761688416,0.04673952134544056,0.03855851815728664,0.04514287001943825,0.08143399850594257
0.011956886969229506,0.041618521293471086,0.05231690372589097,0.030429116364872034,0.00778226939155622,0.004871728314103186,0.024339859429645467,0.016668237264499505,0.022322617736529913,0.017701866367075818,0.009295542708785059,0.03407008347886084,0.009407506180393177,0.023490871850748517,0.020382500453875227,0.019030333318950415,0.04747219197797477,0.01637396797597563,0.021986004767840024,0.028877689353473266,0.01889201180841941,0.03413601911340959,0.028157672614490176,0.006125527215379503,0.008192703753284227,0.029149318799610253,0.022567816021369688,0.02176311344614636,0.03323410721859235,0.013915824577819147,0.02246276544536434,0.014561675652106478,0.019589119762904204,0.03355410619872616,0.02777210650118285,0.01871684021501794,0.005843912469850456,0.015533156584432458,0.026708286946425217,0.01729320476693746,0.024869902958814378,0.003810696050090792,0.02004103131997897,0.0066551868964951294,0.022637562773915924,0.017528977155598542,0.025104184263990123,0.013130239309825091,0.026422940198076034,0.02277062841418123,0.025965274887104366,0.07352025342707894,0.010095377276261567,0.029583957062323682,0.007585101578579203,0.026635334758522814,0.021660394942692965,0.019073885177442233,0.01410522955645963,0.04444331941285316
0.024483555018244573,0.04504204493404143,0.030429116364872034,0.2972432071095553,0.01574895079762521,0.02288414094330774,0.028252826076263768,0.027797953829039712,0.04441044007633587,0.06323668431816812,0.007689152034750849,0.04651181495620784,0.010709328807187973,0.03659681085685227,0.032795257443085236,0.023487274776122283,0.08204861727397524,0.02420787271165425,0.02421388443039557,0.035755918633017546,0.025670543306703437,0.053955651413843106,0.03643402643289817,0.016601326566363202,0.013071114971185387,0.028948562598578798,0.07040800658720658,0.09158153254076204,0.04652235017085934,0.02081220739803595,0.03980953879621766,0.022678521180667693,0.02898667441361394,0.05187434867999514,0.03935445361619676,0.02478316423911427,0.004485038694228878,0.018093679303630275,0.054350102630210825,0.023492175958509408,0.04286284869331226,0.007077674393068062,0.05850944573851261,0.016170907174029032,0.03410801605032125,0.019103300292852374,0.07567123154635627,0.02184905040519209,0.0354297818116362,0.04302472967699373,0.04130901223483027,0.06915613735688918,0.029555212356245034,0.037093280687458687,0.01690291239774574,0.035428584659396224,0.039975408448766805,0.029888024305302182,0.032479280870338974,0.10645419821137228
0.004346514832605136,0.010980031785732024,0.00778226939155622,0.01574895079762521,0.06225555108609488,0.00510536934973959,0.008127867202238239,0.008100705997957846,0.009758924935395256,0.010680759544534587,0.008030392320735288,0.008291889193030984,0.004132460384109986,0.009262444783953896,0.008439120362514763,0.007079248323350869,0.014765551690717558,0.007201377803646365,0.009882028420978703,0.00892286101422796,0.009169659188387958,0.007760653187264778,0.013543516503092407,0.007294934385612105,0.0017980235141575002,0.0075071077624918586,0.02028401450802511,0.009346934992483522,0.010878802833918582,0.004381347519567559,0.007413399941365197,0.006638849706576336,0.008594824092572229,0.011223558769024774,0.014264022229265278,0.011914232665390668,0.002485548752439752,0.014470964935381348,0.015523101051328323,0.00499829635660832,0.009677343187935636,0.0023708455688117233,0.007211420508726338,0.00484236877337655,0.004085267994148412,0.007148165344741652,0.012273982407296045,0.004832338327038889,0.007146051220380729,0.009473710559824145,0.008912267222485592,0.01930349454276558,0.00920159355769262,0.011587366448422337,0.003099415571513174,0.010563902689737892,0.0109364024295506,0.009894953424828611,0.008378611217984663,0.013998003735991521
0.005745933987513326,-0.0029868992978546414,0.004871728314103186,0.02288414094330774,0.00510536934973959,0.4000071614992823,-0.004983702846111968,0.0046833764513696235,0.002559386555478926,0.009940092228991426,0.0030473954965886357,0.011846575525793903,-0.001715925244489784,0.006241274979011636,-0.0028776352237623207,0.003370148296894111,-0.0046258659898117905,0.008607519665416955,0.008118721416689472,-0.0018488433614832344,0.0002368144298254817,-0.0016637064393579923,0.006517167649535235,0.015291614919124053,0.0033275193570493035,-0.005175562166838787,0.015149011029505756,-0.00023178281649125388,0.012035693123289328,0.013654735949657652,0.0018200127812737184,0.0005159695832233765,-0.004689881617157633,0.007073527521307717,0.010908595582304451,-0.0029387202491843014,0.004912109698455543,0.001922616344292527,0.008767921796881037,0.008353921926276776,0.010017688509716686,0.0005630415035839274,0.006345131879176497,-0.0023862003556178756,-0.0028243168493935983,0.009058484060457405,-0.005756413008344258,0.011878973012083674,0.007689123702565654,0.0016254357817500065,0.007513867728341568,0.015234972431801672,0.01388359576586098,-0.00012387537369315537,0.0045068528851244325,-0.011185828005661189,0.011017014495985683,0.0021317099192058086,0.004104153459788124,0.020015658372056364
0.01011965313104996,0.03124517222651526,0.024339859429645467,0.028252826076263768,0.008127867202238239,-0.004983702846111968,0.22191586987262066,0.018150935939874744,0.03408085839618878,0.034331853592150616,0.006210439410709638,0.03093703952519506,0.010779765838162616,0.023856687116998322,0.01820937671460271,0.023463192489266992,0.03927225174539136,0.014917723205703167,0.011600739018264934,0.029119758212633275,0.011741529489429149,0.026403572149512843,0.022906507458711634,0.00545979438278963,0.0041237320232553765,0.02436239706548911,0.033580780738557615,0.04712465353383709,0.03553290994724592,0.018468470692837354,0.01547204188825704,0.013440553335277054,0.030332388564292403,0.028520886867301486,0.023709946586931603,0.014562434786378297,0.006508231251216288,0.013166375432690532,0.0317300284114626,0.014873151078071587,0.02305898181066545,0.004658953738314375,0.028140773662170947,0.008347302142410274,0.019379426186228742,0.010376849647038352,0.02258255932144941,0.01163267989287414,0.021519806322007798,0.017220591707619814,0.03168929011092914,0.05626642721930947,0.004093671099280269,0.027092002945609137,0.007514697033968511,0.03276554895440621,0.0239299274275605,0.026907386739873557,0.008016382083893771,0.05294770693479504
0.011101396633467755,0.027407941711794188,0.016668237264499505,0.027797953829039712,0.008100705997957846,0.0046833764513696235,0.018150935939874744,0.039874923386787955,0.01655554046605724,0.023980511634664078,0.00512029300753673,0.024864697596420262,0.011048760644470634,0.023134955219006853,0.017711671869283692,0.012698337569037755,0.0365513928181127,0.01139707044336708,0.015919270598889222,0.020047018426732184,0.01824763892706062,0.02457872406001703,0.021844597559286676,0.007429152761366269,0.007070209684555537,0.016883069987545164,0.02451133979465852,0.020442202050153402,0.02337721093680341,0.01928356547258635,0.026935370829866637,0.010362619470071614,0.02361085765418179,0.022871175973647743,0.027823944355096292,0.01878353216510626,0.010525891814067484,0.005566696453900043,0.02399513786364174,0.013358135511891968,0.02318835140329033,0.002190484518512241,0.021383607355975526,0.006490785862665613,0.020263208438451676,0.01715984369046898,0.026343378535948966,0.013874601206149816,0.02284599694996058,0.014451970923308419,0.023482690702795208,0.05526558075594434,0.0053909752243688856,0.01852870124310144,0.010937476469322065,0.01674342144990154,0.026524933538905213,0.02246803212259603,0.01492505903045834,0.028547851008075827
0.01445755444705654,0.03419515750298836,0.022322617736529913,0.04441044007633587,0.009758924935395256,0.002559386555478926,0.03408085839618878,0.01655554046605724,0.059350053078031,0.027863701100119816,0.007749054491519615,0.028014461150571466,0.009180289336142046,0.023745171473882973,0.022280284441621723,0.015150766846616454,0.03915995687569426,0.017267300119549585,0.018823210640427385,0.02774332921778727,0.021410306691920608,0.028674424518855053,0.029886606996540246,0.006977617378873814,0.007463160918588292,0.019765025733071484,0.033437046868177334,0.0349345663564818,0.027918063814401105,0.017098832623230902,0.023280599408308712,0.015897529030694732,0.022563163154507862,0.034690560658868955,0.028782321503646464,0.02062164930969737,0.008338951921864325,0.016562607693833414,0.028749406720087634,0.01951921748459584,0.027504761938193217,0.0038175006149644666,0.02911586614031823,0.010113188656986993,0.02518177783643744,0.01530274060293985,0.03282529577798136,0.01846993746313721,0.02364771343201786,0.020843353849246203,0.030341697671305276,0.05456922235808353,0.007340978603733742,0.03342248289258172,0.01004631602501566,0.05488295476651873,0.027559546358539487,0.019876477978540745,0.013731784191392994,0.04821736837004294
0.020762174657485595,0.05179465542726075,0.017701866367075818,0.06323668431816812,0.010680759544534587,0.009940092228991426,0.034331853592150616,0.023980511634664078,0.027863701100119816,0.17164702409764918,0.004890371172985904,0.03403346061615635,0.010719511063361324,0.026342663174980765,0.02070639154196376,0.0183489073045488,0.06360006890306698,0.008575956946713682,0.01927856119115157,0.030754533444228266,0.026430343727122354,0.040621617397837664,0.0323146484474657,0.01360185844007041,0.008963284629404995,0.012732454968438505,0.1150057275681124,0.1095171914415856,0.0414514844808114,0.020575415669141915,0.03688322656225154,0.016156136860822568,0.030180387162409877,0.04636056651915771,0.04035335851576987,0.03230456452883589,0.004657886969149137,0.015719928424876222,0.0506741893905836,0.018428623739138297,0.029687590516048742,0.003936335957756248,0.0765867522803278,0.014164592766968366,0.031896618009743145,0.017173229410483295,0.060529977551120516,0.02374149993335245,0.023623001152698983,0.028869567552115786,0.04700358078004041,0.0281130959936769,0.013087315847587919,0.03371246109497755,0.015589026338845733,0.053177853602505015,0.03773391393358239,0.02943361803932735,0.050267514864899034,0.04917267130523221
0.0033284850201906616,0.010452621101169733,0.009295542708785059,0.007689152034750849,0.008030392320735288,0.0030473954965886357,0.006210439410709638,0.00512029300753673,0.007749054491519615,0.004890371172985904,0.026602983397316583,0.011459533911252581,0.0029192669220458926,0.0059940938649497705,0.006437188077596442,0.006766917264045206,0.014786536873504959,0.005793075730373453,0.0074664764989261535,0.00901670166519377,0.0014471161332695551,0.007979000762756422,0.01014057471897927,0.007412238719505524,0.002054845096619647,0.007254237177613626,0.0076485388112283855,0.006933381342085722,0.008638771856092532,0.004483957034756088,0.006460325599103227,0.00607412902643215,0.00753308359613411,0.011763980213649838,0.009204312868430004,0.009052778424810691,0.0020758118573975678,0.0059591449038391186,0.013039661156630779,0.0037348514919817444,0.008069100293814831,0.0029960537958350153,0.005108087461787538,0.0034997727518065,0.008985647868654825,0.006969142166753775,0.008547946392395186,0.005877555177349462,0.008470230715769161,0.006088695811944802,0.008619439494018357,0.01638729813199321,0.01052316940768852,0.006752070281441279,0.002017830565277117,0.013013159770895951,0.009999794405985302,0.004358503320396058,0.008602186935896474,0.009146032264587135
0.019604678231014715,0.043590839791960344,0.03407008347886084,0.04651181495620784,0.008291889193030984,0.011846575525793903,0.03093703952519506,0.024864697596420262,0.028014461150571466,0.03403346061615635,0.011459533911252581,0.11140800400534392,0.013010038434186801,0.03867521972896855,0.027925779275834055,0.024347612030222086,0.0819002518179442,0.01991199529331415,0.03291293370397901,0.0412336543493285,0.028860220200712185,0.05058937262909207,0.03832375270816238,0.011643665431728775,0.014492697135314208,0.036154444887806045,0.04656153351719894,0.03521752283076039,0.04220808702098949,0.019469534029362082,0.033846167862159035,0.01884872156873284,0.028800086595136287,0.04127776098794902,0.043862060146672655,0.023318541440325698,0.007522343939128844,0.01835924171144857,0.03207184744673346,0.02515979144557766,0.04357077274795027,0.004748585473908881,0.02966887888044474,0.011823404541774852,0.03069655593500494,0.01981852817666783,0.03588713731018396,0.025171653130547242,0.03627498236753887,0.03200089960564476,0.034712907175151624,0.12372813357612548,0.01432156437283712,0.039122803827779565,0.011569970372157392,0.03981325400231474,0.0359293140153722,0.0324442646017659,0.015104740067751749,0.05678027345652001
0.0073626287747470135,0.012508189737177381,0.009407506180393177,0.010709328807187973,0.004132460384109986,-0.001715925244489784,0.010779765838162616,0.011048760644470634,0.009180289336142046,0.010719511063361324,0.0029192669220458926,0.013010038434186801,0.027639312147509476,0.012448164773420709,0.011446360393669678,0.0069690450579515855,-0.0018303939747693692,0.012122218753758929,0.01038563781859079,0.012446869373254045,0.0133035270758637,0.013602317681202075,0.01414164431429997,0.001947148747612616,0.004059255946461015,0.007615991934293235,0.014232622892466193,0.005997132887225033,0.01105409034387434,0.010398258157279162,0.01476898410147821,0.005873859836989884,0.014237447822371933,0.015014752170810499,0.013042111282021547,0.013054710576689457,0.01168670537541735,0.004780707703954924,0.012759723674499582,0.006653884398057603,0.012063528985415507,0.0015342364201995102,0.00965574543619944,0.003823262383176425,0.011214178856973801,0.0050468611408641135,0.01316135863180483,0.008783313644987465,0.011622482276084438,0.005743934037133707,0.013911672356369002,0.02844908889148412,0.005284035869884553,0.01022311626246146,0.009682594448635898,0.012232183146195251,0.012035419669017723,0.012673331916598925,0.004295189000309126,0.019609859024381653
0.014424980877792756,0.041013446527281484,0.023490871850748517,0.03659681085685227,0.009262444783953896,0.006241274979011636,0.023856687116998322,0.023134955219006853,0.023745171473882973,0.026342663174980765,0.0059940938649497705,0.03867521972896855,0.012448164773420709,0.061824970082866366,0.02206039060146551,0.019466039177956387,0.05977659500762847,0.01223799866103748,0.021377279544331686,0.03231062599064798,0.021977350694475126,0.029203187657706714,0.03191036896350856,0.007943356337070247,0.009129658454227819,0.029818059890781855,0.034261256048381275,0.0256329609731411,0.03165796098967788,0.018181060375267823,0.030209839386249136,0.014346440534208247,0.025847442707952358,0.02674282755070237,0.029419488463709644,0.018905896424785802,0.008135944139289227,0.009784602751598643,0.03223526043305488,0.017481047424891972,0.028595578434305654,0.0034144528040398023,0.023216603735787263,0.007263907976990129,0.02919680434984905,0.023882378351513002,0.030794059276069652,0.019479400653140796,0.03028080245205755,0.017222528265530855,0.029724887986558726,0.08946558922588907,0.004450398068839249,0.02993899869468273,0.01221021775452579,0.02664728316420347,0.029318933859191907,0.026113011632483377,0.021885716146407698,0.04914439081898043
0.012676215578186024,0.0368956147706344,0.020382500453875227,0.032795257443085236,0.008439120362514763,-0.0028776352237623207,0.01820937671460271,0.017711671869283692,0.022280284441621723,0.02070639154196376,0.006437188077596442,0.027925779275834055,0.011446360393669678,0.02206039060146551,0.08252447740611187,0.009774378360095043,0.0430983783867168,0.017271065906716176,0.01759193993438089,0.024764382544233243,0.01757104026589506,0.021926945742390968,0.02563755218610353,0.004617800931725241,0.006314925075941046,0.015737016258213242,0.022150845671838486,0.013996077106577541,0.024777263234965017,0.012055573592826314,0.027782464774750285,0.012895712004222508,0.021130336278198637,0.030582950261375384,0.02717521879288115,0.0194508985591082,0.007137534366079271,0.009260147861029602,0.02130230664941284,0.016104803549795755,0.03027042564361493,0.0021540148924772584,0.020843277878788827,0.007769732166986869,0.027114604424742842,0.010437902021405479,0.03318373667346254,0.013237659683531987,0.022311866963327886,0.017908496478807663,0.02545967818557671,0.06122384138244333,0.0031178107735410124,0.02864239003996012,0.008288603302027252,0.032178053200564834,0.022574801270346733,0.023399259340032067,0.008147653989110965,0.03506302369265852
0.006951263874381504,0.034246235565584815,0.019030333318950415,0.023487274776122283,0.007079248323350869,0.003370148296894111,0.023463192489266992,0.012698337569037755,0.015150766846616454,0.0183489073045488,0.006766917264045206,0.024347612030222086,0.0069690450579515855,0.019466039177956387,0.009774378360095043,0.12218588486086153,0.047153822091813485,0.014388105566274251,0.018836727029666836,0.022949327398737923,0.019320010387036474,0.01959591116425222,0.02272746422525164,0.0031986872155945986,0.0064398173131560415,0.02613611009924987,0.02938271721268166,0.028666474614569497,0.0208467997893053,0.009755610805297429,0.017177563982542304,0.013557092731800141,0.017072284922139,0.03386687700184997,0.022306933426673815,0.017288968639532075,0.005584351115429102,0.01775809181283325,0.027628195850424028,0.01635814902051862,0.018630512332118904,0.0038165673560177594,0.024122391915983935,0.004812889337664561,0.020489804086525513,0.023425669767058725,0.025234443789374162,0.014052017685548627,0.013543846207480446,0.024319243839299513,0.007439254216838859,0.054874084237984455,0.016629254048218262,0.024575169280112014,0.00666598358337859,0.03650305156356462,0.015441650091616936,0.012890853938782015,0.015480071493937046,0.02282018043792439
0.028083449655184674,0.13125860365549333,0.04747219197797477,0.08204861727397524,0.014765551690717558,-0.0046258659898117905,0.03927225174539136,0.0365513928181127,0.03915995687569426,0.06360006890306698,0.014786536873504959,0.0819002518179442,-0.0018303939747693692,0.05977659500762847,0.0430983783867168,0.047153822091813485,0.8182460074586093,0.010522650143356665,0.027660941507887334,0.0520283530039444,0.032955340526496214,0.05963658356257493,0.04568075844450884,0.00945760049938154,0.03871492014205648,0.061747010107017844,0.06820999899898407,0.06549074407096164,0.06424360494981199,0.02271035819012048,0.04983617167661206,0.02376245733385064,0.023986236646962936,0.06995460383820437,0.06386891580931828,0.025344989211623876,-0.0017947033886743574,0.03505474633220064,0.08809654599142897,0.02822985774579772,0.04843807862864774,0.007054508686658186,0.06824766578614772,0.020220476658905372,0.07825108620700567,0.04330956049729913,0.05411571056701804,0.01505682018667424,0.05394020002871978,0.0500758454229576,0.032474685752851326,0.5125625791032274,-0.0016814863192167926,0.06353397811697271,0.006738471315988207,0.08307390559229577,0.06289750513550417,0.0287182271249364,0.03683215825606867,0.10784996091569346
0.01378543189226924,0.02808436573758694,0.01637396797597563,0.02420787271165425,0.007201377803646365,0.008607519665416955,0.014917723205703167,0.01139707044336708,0.017267300119549585,0.008575956946713682,0.005793075730373453,0.01991199529331415,0.012122218753758929,0.01223799866103748,0.017271065906716176,0.014388105566274251,0.010522650143356665,0.06030167049981542,0.020603450995575708,0.017728733391792997,0.011663273918000823,0.021211842477801734,0.018433805296049457,0.005954024842074486,0.007453318028006581,0.008863954407671775,0.02016794990236997,0.008785730039583805,0.013701115931965463,0.019470715908653798,0.014251364843838751,0.013498791747803173,0.01314538366578522,0.025916270730602466,0.01704118026169568,0.018560597973692212,0.012667198866476036,0.009823433962035708,0.017444046112567464,0.008907881414337735,0.01667789601063454,0.004666027112556005,0.014174250531197545,0.006585380485367835,0.015425039781686061,0.007894638500139772,0.017156423021278334,0.016053267494712236,0.010367126110006878,0.01443841254878757,0.008737956999795602,0.026361062010644077,0.005453227836692726,0.022966678176692106,0.01657707261611264,0.027934799733234417,0.00821756992432098,0.014078694471874702,0.002005030748164057,0.03461768004404329
0.014911670378670916,0.028719023858108397,0.021986004767840024,0.02421388443039557,0.009882028420978703,0.008118721416689472,0.011600739018264934,0.015919270598889222,0.018823210640427385,0.01927856119115157,0.0074664764989261535,0.03291293370397901,0.01038563781859079,0.021377279544331686,0.01759193993438089,0.018836727029666836,0.027660941507887334,0.020603450995575708,0.05465763545187407,0.02982004572150175,0.018896619214496205,0.03528381028187653,0.032642936389075554,0.01623963005765089,0.006797680862479479,0.021098318669977863,0.03491276472638427,0.026525862681917492,0.022587032227596702,0.015421881104706497,0.022452912358449817,0.015554637778082425,0.018899945938397014,0.03480290389486901,0.02418722901661489,0.025795608078780802,0.010190796721715563,0.01753859879056855,0.027066983740091276,0.019067042447813723,0.025513358685704403,0.003492181665179699,0.025512954493274193,0.01103368019973691,0.02273119765884974,0.017671459543195784,0.03273491625392502,0.019445741158298068,0.02135994663129064,0.0216985989466462,0.02398728383201997,0.042123979192851685,0.011513810376062618,0.030216562280106874,0.01112328453246773,0.02150506132883081,0.01895237906525742,0.021723066156576584,0.007753111569871885,0.040680304435610846
0.017951291936484617,0.04240723298210859,0.028877689353473266,0.035755918633017546,0.00892286101422796,-0.0018488433614832344,0.029119758212633275,0.020047018426732184,0.02774332921778727,0.030754533444228266,0.00901670166519377,0.0412336543493285,0.012446869373254045,0.03231062599064798,0.024764382544233243,0.022949327398737923,0.0520283530039444,0.017728733391792997,0.02982004572150175,0.06947154784792471,0.029382886752270354,0.0433568682704746,0.05582943976545544,0.009861841545437075,0.006589395659156796,0.027993006370534087,0.04552368591201717,0.038754023712058834,0.03998391582455542,0.014840793148470846,0.031014836454288507,0.02360209672776399,0.027476216373458977,0.04343068822745534,0.031030477664185,0.0280247162629278,0.0050811324634340346,0.011440154470960716,0.03497402055990372,0.03147035154922341,0.03544882799817198,0.003974187313477446,0.029609164465354484,0.010561999046240372,0.03807081881912132,0.02316340365603323,0.033640256336468645,0.024617067174137676,0.02936125774294695,0.03159070630405255,0.029048959395042293,0.08278011349352826,0.008799857752571102,0.03885435702571638,0.008683133349713738,0.05186565086522123,0.02613283043301274,0.02963413830056626,0.00880171791107624,0.04482960945095199
0.015880847806527133,0.025160454719963456,0.01889201180841941,0.025670543306703437,0.009169659188387958,0.0002368144298254817,0.011741529489429149,0.01824763892706062,0.021410306691920608,0.026430343727122354,0.0014471161332695551,0.028860220200712185,0.0133035270758637,0.021977350694475126,0.01757104026589506,0.019320010387036474,0.032955340526496214,0.011663273918000823,0.018896619214496205,0.029382886752270354,0.12216594308088387,0.02402784144468483,0.029993971370489335,0.007243321410338646,0.008593107509616114,0.015359454089581549,0.03083312701372145,0.041936614063089066,0.026292904547805054,0.01854429649157753,0.029234514294193215,0.015611951808646489,0.02313179986754817,0.031994736579910685,0.028477253515552137,0.02249570389059722,0.008498410455044037,0.00041307165804117595,0.03186243546382865,0.018242831436832658,0.02345325147325645,0.0010120706258238367,0.03381226359410487,0.007929882248535632,0.008971198664239266,0.019547216119920177,0.04155950654360816,0.02075062822748085,0.01992595979261581,0.022125008034999914,0.019238893592870076,0.03818814412028803,0.005971869764938269,0.02877639465668656,0.010419420039649002,0.02497319841456059,0.025247865008425546,0.026032966684482493,0.017335008826834288,0.03752345978959029
0.02262960074419972,0.04669995127080906,0.03413601911340959,0.053955651413843106,0.007760653187264778,-0.0016637064393579923,0.026403572149512843,0.02457872406001703,0.028674424518855053,0.040621617397837664,0.007979000762756422,0.05058937262909207,0.013602317681202075,0.029203187657706714,0.021926945742390968,0.01959591116425222,0.05963658356257493,0.021211842477801734,0.03528381028187653,0.0433568682704746,0.02402784144468483,0.24807338490131087,0.044615043247795354,0.007894018741913747,0.015310240202126816,0.03803013355846244,0.062312839030220786,0.053682242014358485,0.04120461684520888,0.021194171245262516,0.030805592790655513,0.022761109752395044,0.029530112815083203,0.030273019841257374,0.042997000965019266,0.02787172333929181,0.008878813588143864,0.02536870340672788,0.04693679429197038,0.02754593074935335,0.03953450582429625,0.0025372158971837316,0.04298697589694769,0.014781179182374695,0.03417008026243518,0.02746470429690184,0.04806586610554371,0.01654584778881841,0.039227658963449395,0.04027859893907581,0.03766056523335126,0.12403490176062575,-0.0015068647153338775,0.044355937538361825,0.01631232673743253,0.04833528142747972,0.038804807625815556,0.03670051046767498,0.014700103045873056,0.062165099941261716
0.01835229103465706,0.044703926229248105,0.028157672614490176,0.03643402643289817,0.013543516503092407,0.006517167649535235,0.022906507458711634,0.021844597559286676,0.029886606996540246,0.0323146484474657,0.01014057471897927,0.03832375270816238,0.01414164431429997,0.03191036896350856,0.02563755218610353,0.02272746422525164,0.04568075844450884,0.018433805296049457,0.032642936389075554,0.05582943976545544,0.029993971370489335,0.044615043247795354,0.07530563621156962,0.0125802277217413,0.006821912585994337,0.025141801607156438,0.05052952658392033,0.04406162509605663,0.03699519198502467,0.01598626986863013,0.033246795992642277,0.024244974677922287,0.0274852731273031,0.04586449275416963,0.03172366231929842,0.03528069157832858,0.008558900185649277,0.019890261710284657,0.03744792890968231,0.03337175889002915,0.03668783154638092,0.00513366877874946,0.0327123824151783,0.013146202302690896,0.03045560148061239,0.024948629462470444,0.034636428265247876,0.02715003498264897,0.029410693353326786,0.03418865408757262,0.032358233690533166,0.07126707168389788,0.010908929118916581,0.0378346754008399,0.010786566777155913,0.054221802411863286,0.030056603502628957,0.03221943668847778,0.017226246756442014,0.04891030278557667
0.0031929343348683845,0.012284061460605622,0.006125527215379503,0.016601326566363202,0.007294934385612105,0.015291614919124053,0.00545979438278963,0.007429152761366269,0.006977617378873814,0.01360185844007041,0.007412238719505524,0.011643665431728775,0.001947148747612616,0.007943356337070247,0.004617800931725241,0.0031986872155945986,0.00945760049938154,0.005954024842074486,0.01623963005765089,0.009861841545437075,0.007243321410338646,0.007894018741913747,0.0125802277217413,0.062184619011622574,0.0014645101975462262,0.004182387543186299,0.01673195961937742,0.016013405830303536,0.0055987494602127335,0.006589615047431294,0.006648421109733773,0.005404362453089744,0.0021372070931489685,0.011063635131723194,0.009287640063019364,0.010492779396158081,0.00260881239117602,0.013541136995955882,0.014610864817357998,0.005344937215070052,0.009560182186646787,0.003369013637071334,0.012223162672382321,0.0055400599467180945,0.005579669789847866,0.006063759703800689,0.016825473891679602,0.007308980044493665,0.006326819762292462,0.009494240119250132,0.009202156636600737,0.015003649418160996,0.0053821192890322065,0.007506149358846436,0.004248827284306346,0.0063295514238865145,0.0020526675780470926,0.007560490099557535,0.010704193767131326,0.02036978677441611
0.010341845913697472,0.018869222584633926,0.008192703753284227,0.013071114971185387,0.0017980235141575002,0.0033275193570493035,0.0041237320232553765,0.007070209684555537,0.007463160918588292,0.008963284629404995,0.002054845096619647,0.014492697135314208,0.004059255946461015,0.009129658454227819,0.006314925075941046,0.0064398173131560415,0.03871492014205648,0.007453318028006581,0.006797680862479479,0.006589395659156796,0.008593107509616114,0.015310240202126816,0.006821912585994337,0.0014645101975462262,0.02512939629874246,0.010369846203555808,0.013417753288709287,-0.0021038694412385105,0.010571165894935012,0.010934897405623064,0.010216717940052506,0.005504806600567514,0.005730436245258493,0.011897909823822368,0.01153878705347686,0.0065727346422090015,0.0041986222481917015,0.002518717201482235,0.010285936808911442,0.00827406738009448,0.010679404739126612,0.00020826618089918544,0.013017367538449946,0.0037562282480757903,0.0089328474565037,0.008214395472317606,0.011619077188984996,0.006170749811993856,0.008925011785794123,0.0076689565864026124,0.006023186888035846,0.036680195207856654,0.0013133209706639552,0.008903511373508873,0.007883179689022076,0.01622875409394196,0.013404529732312718,0.010173167290413229,0.005101025263910716,0.016582268244936374
0.009719050792174758,0.038374431570791345,0.029149318799610253,0.028948562598578798,0.0075071077624918586,-0.005175562166838787,0.02436239706548911,0.016883069987545164,0.019765025733071484,0.012732454968438505,0.007254237177613626,0.036154444887806045,0.007615991934293235,0.029818059890781855,0.015737016258213242,0.02613611009924987,0.061747010107017844,0.008863954407671775,0.021098318669977863,0.027993006370534087,0.015359454089581549,0.03803013355846244,0.025141801607156438,0.004182387543186299,0.010369846203555808,0.1261220597591102,0.022017227411666028,0.01757691736272296,0.033042411794430036,0.01045108012303226,0.022117913314471653,0.01138861032986297,0.020084360251675096,0.03059881545214939,0.018205782309108576,0.015350313357064398,0.004321627327733693,0.0112921068752857,0.050813848991901764,0.01696566726519216,0.026513654212345614,0.004672408127089483,0.022593416885827423,0.008820543098239802,0.02264290502780804,0.015815447396533216,0.02682972365204267,0.010901728256606139,0.027959839329568338,0.026090440888154313,0.024059718439351153,0.12486559262864699,0.005977870160021593,0.03475486445172789,0.004929971223281131,0.024628317451063836,0.0254862647664344,0.026652127826773744,0.020707764793572024,0.03588722041797669
0.029442997155742417,0.055683036752086704,0.022567816021369688,0.07040800658720658,0.02028401450802511,0.015149011029505756,0.033580780738557615,0.02451133979465852,0.033437046868177334,0.1150057275681124,0.0076485388112283855,0.04656153351719894,0.014232622892466193,0.034261256048381275,0.022150845671838486,0.02938271721268166,0.06820999899898407,0.02016794990236997,0.03491276472638427,0.04552368591201717,0.03083312701372145,0.062312839030220786,0.05052952658392033,0.01673195961937742,0.013417753288709287,0.022017227411666028,0.631231227631836,0.12748711628299836,0.05548433610110254,0.02216939059619684,0.053396232928666215,0.02340769323664238,0.0323847280039997,0.07151374193407807,0.04848670179989335,0.033325592255601735,0.006971252418176055,0.022195422077147583,0.07062139699197494,0.029337928569663083,0.052648423531854824,0.0043167891741678725,0.0908926695574752,0.009837130955659665,0.05376870335053295,0.01817500836352694,0.06614746496671937,0.02824443989484459,0.028695362834401435,0.05350497372560274,0.06095308730478737,0.11099789472651246,0.02517765130488422,0.05656529440305692,0.01995634236558767,0.07484698735043221,0.04547716985384261,0.030863752754784923,0.05234746643943074,0.0701651871308337
0.01475244190238329,0.06923946778081357,0.02176311344614636,0.09158153254076204,0.009346934992483522,-0.00023178281649125388,0.04712465353383709,0.020442202050153402,0.0349345663564818,0.1095171914415856,0.006933381342085722,0.03521752283076039,0.005997132887225033,0.0256329609731411,0.013996077106577541,0.028666474614569497,0.06549074407096164,0.008785730039583805,0.026525862681917492,0.038754023712058834,0.041936614063089066,0.053682242014358485,0.04406162509605663,0.016013405830303536,-0.0021038694412385105,0.01757691736272296,0.12748711628299836,0.4456871880003085,0.030132515809080156,0.009554401028650334,0.03880699563600512,0.024641063784982126,0.032175888658453305,0.04315817464750329,0.042482774745510564,0.042192836110541615,-0.00011812932250346491,0.010136013094175465,0.06301047828039866,0.02518939628619634,0.03456464902343857,0.006653351983302564,0.09667569911403234,0.02069329529042565,0.0327178924348502,0.01602469740290568,0.07364901989345332,0.02526794353695318,0.02245604304468792,0.03918890073005655,0.052332097725081135,0.04210411815306475,0.006733551631817486,0.040333771728565546,0.014838883731640213,0.05674926852214684,0.039407393372283085,0.03025913103146831,0.08175705948854343,0.057155899324955815
0.017301136760038888,0.03816317759937388,0.03323410721859235,0.04652235017085934,0.010878802833918582,0.012035693123289328,0.03553290994724592,0.02337721093680341,0.027918063814401105,0.0414514844808114,0.008638771856092532,0.04220808702098949,0.01105409034387434,0.03165796098967788,0.024777263234965017,0.0208467997893053,0.06424360494981199,0.013701115931965463,0.022587032227596702,0.03998391582455542,0.026292904547805054,0.04120461684520888,0.03699519198502467,0.0055987494602127335,0.010571165894935012,0.033042411794430036,0.05548433610110254,0.030132515809080156,0.1676532002759062,0.01963023786008639,0.03337803187449384,0.01990661595320048,0.030694927624513892,0.041422228181078574,0.03886173958349398,0.026154100346766213,0.008136898883154022,0.021406773231688395,0.04607752550459414,0.021914386271613625,0.03428561890884706,0.0026879047454126297,0.035622356050468366,0.01336443570559791,0.02927753520746471,0.015078286276089389,0.044015569606562686,0.028047985695722335,0.02918694578921147,0.03340898760169773,0.039678307657829634,0.12489827123154362,0.009552193132670032,0.02995343038879364,0.007972343356618962,0.03949565207599637,0.03362641177158415,0.02908595431904464,0.03805882728413321,0.08424924455012925
0.016073430318977424,0.021243651919266363,0.013915824577819147,0.02081220739803595,0.004381347519567559,0.013654735949657652,0.018468470692837354,0.01928356547258635,0.017098832623230902,0.020575415669141915,0.004483957034756088,0.019469534029362082,0.010398258157279162,0.018181060375267823,0.012055573592826314,0.009755610805297429,0.02271035819012048,0.019470715908653798,0.015421881104706497,0.014840793148470846,0.01854429649157753,0.021194171245262516,0.01598626986863013,0.006589615047431294,0.010934897405623064,0.01045108012303226,0.02216939059619684,0.009554401028650334,0.01963023786008639,0.06860374126654828,0.023737492778762637,0.008217386697010077,0.017167391775293146,0.01995113271560907,0.02111580668675696,0.015081340304450585,0.014446227883701318,0.004161710938350395,0.020426711359904804,0.008289209830390018,0.019019561038513273,0.001471714095538146,0.023657267523641484,0.008860929603352507,0.018199087713208262,0.012021263276018457,0.021905160178897626,0.01775325992728699,0.01730868639591774,0.014010067669614889,0.019834402247594266,0.040355496169028886,0.005820207543072986,0.020734012565208623,0.017626144249405826,0.012784687240242397,0.021812148529877316,0.020086619086613362,0.005232226782709217,0.03661079049164325
0.02132668092549556,0.04855697881338703,0.02246276544536434,0.03980953879621766,0.007413399941365197,0.0018200127812737184,0.01547204188825704,0.026935370829866637,0.023280599408308712,0.03688322656225154,0.006460325599103227,0.033846167862159035,0.01476898410147821,0.030209839386249136,0.027782464774750285,0.017177563982542304,0.04983617167661206,0.014251364843838751,0.022452912358449817,0.031014836454288507,0.029234514294193215,0.030805592790655513,0.033246795992642277,0.006648421109733773,0.010216717940052506,0.022117913314471653,0.053396232928666215,0.03880699563600512,0.03337803187449384,0.023737492778762637,0.08406494067603006,0.014287070354047495,0.030962358005568534,0.035066495521220244,0.03422471152142756,0.026125102932363788,0.011631586486254616,0.008693055906936245,0.030937117336408023,0.02014674135357866,0.034437134237016234,0.0022565605936673686,0.03220871374340479,0.011321057176097021,0.03786982709242967,0.021119021143449088,0.0402108436625561,0.029026529732006603,0.029555317845395224,0.02056978341194952,0.03159335658939234,0.05717852135992129,0.0028639154922631,0.03607467887520436,0.020002963425319147,0.043516896765002075,0.035900343371241566,0.03234466457807128,0.02235673468470926,0.0461046310886719
0.011202583904110794,0.023219842858752025,0.014561675652106478,0.022678521180667693,0.006638849706576336,0.0005159695832233765,0.013440553335277054,0.010362619470071614,0.015897529030694732,0.016156136860822568,0.00607412902643215,0.01884872156873284,0.005873859836989884,0.014346440534208247,0.012895712004222508,0.013557092731800141,0.02376245733385064,0.013498791747803173,0.015554637778082425,0.02360209672776399,0.015611951808646489,0.022761109752395044,0.024244974677922287,0.005404362453089744,0.005504806600567514,0.01138861032986297,0.02340769323664238,0.024641063784982126,0.01990661595320048,0.008217386697010077,0.014287070354047495,0.0354479971743291,0.013024401108367556,0.02202746582296976,0.016508371067118485,0.017782331779648365,0.005491058039095648,0.014363793729831377,0.016497070040308714,0.014576516519483792,0.019059604339003264,0.0038574377470716663,0.020480178515366005,0.009018378660728655,0.019572691340940366,0.013886419150791472,0.022018190961710118,0.014818734589256768,0.01465871754440953,0.014426396753876367,0.014997485563744552,0.03899366781765646,0.00784055175152471,0.019131232558420752,0.0077368045152719995,0.021408799024505036,0.013684490384471754,0.014354636791196683,0.014004512960853987,0.028816349721492572
