0.1443701407741865,0.048791196527135205,0.006868865744175093,0.06803984930792707,0.06715638973063573,0.04228848336134514,0.02831916514985441,0.038674230230628666,0.07732723361078155,0.02804701021963175,0.02827609481400637,0.05638692369364915,0.03574981354038782,0.011224226178815926,0.06565564813694076,0.03315792737931558,0.05802868806266669,0.04344627001895864,0.052399389594567455,0.04422359869289503,0.030871758715971007,0.023019056053014363,0.039598343238681034,0.06491766133791135,0.06836487244841158,0.02988105337306359,0.011680145541439377,0.02346772420832746,0.018496867901172914,0.04135484351620782,0.059633981248199,0.06338184597493103,0.029224230620435648,0.03583756710756169,0.05758182844298435,0.027015150445145415,0.02507227929782801,0.0336010935326294,0.04883633657100643,0.05291619850342411,0.00031627678534913473,0.05450080991695844,0.03576975021913027,0.026074120542612385,0.06187527945403444,0.049098722510656265,0.02307091706139659,0.010036007120672501,0.022867076721422196,0.01748959639635477,0.05858269357670308,0.012099178851567124,0.026029185344864796,0.05247350336621198,0.029797290970878892,0.028328418520297893,0.09533200425560664,0.014800163077200333,0.03331572661427993,0.00129763088315126,0.06435160154150825,0.09189535934358001
0.048791196527135205,0.17835280451166632,0.010251030902283187,0.07371121983552908,0.08126081465552747,0.031102461189724026,0.02436228391685946,0.03474824299541918,0.06186552697897965,0.027106078943115144,0.02372913965516716,0.040712149368619575,0.03814331424730029,0.023296876995954258,0.04720667239022822,0.029187106021137707,0.058427786470305554,0.04101978874549149,0.03635724810692272,0.07872576163982772,0.02805894188412313,0.024218481670255917,0.03720718546916225,0.06324529610101813,0.10543726875777946,0.020446023380678836,0.021098318075984484,0.036695229742328646,0.023443518847071746,0.04035966599399372,0.051034530425417175,0.05299722561220182,0.02637942044335889,0.021376889157213665,0.04773857272015282,0.02231290632809557,0.02580341984131066,0.032340203440894874,0.06861349874263951,0.046303834898556794,0.00040324276295260685,0.06734958520858766,0.05244321178244699,0.024850573621579535,0.05639799252262009,0.04963110411948368,0.016371275064484856,0.003968276782678157,0.02774415656637423,0.04278184696170219,0.058523546945147956,0.011080541037556027,0.022330736197480987,0.05314743637959487,0.04480660038018706,0.02548851677708682,0.1020276759960997,0.008793112721518562,0.030129735370764722,-0.0005207507518601079,0.07488959730947407,0.031346491558404375
0.006868865744175093,0.010251030902283187,0.051468818763482506,0.003733663764193926,-0.004835540619248719,0.011662316708940346,0.009082694857406667,0.00927822538628036,0.01714140604898534,0.005481057315747282,0.013333403204993582,0.0004746905853568327,0.0027735940677428247,-3.294194485759636e-06,-0.003628745289264265,0.01315365999263157,0.022791686000412474,0.006975828589371303,0.004571887287211637,-0.0029220034664469096,0.005004566117806106,0.0035728056817070117,0.011495063965690465,-0.0023567508861940282,0.012899103595610521,0.03679638446943929,0.01478531107098773,0.006605234784671195,0.004422960026495284,0.00685370192071554,0.00026130195141353945,0.006096226432643425,0.013401792022736655,0.008631595134160936,-0.00047984601407303085,0.0009253649888196794,0.0007525093683037591,0.007123824969792408,0.003764105448834755,0.022383064683588593,0.0004764550995724607,0.011575539009867604,0.013438933829552786,0.016349622844445064,0.00034512338715928014,0.02195951710254471,0.008234947360763065,0.0038633984669986065,0.006380964656172133,0.027679339565793253,-0.0016737019152323796,0.015499888027334296,0.011263525371714968,0.014316233541825981,0.01563350526073162,0.01019411962810619,0.01404577480864273,0.02491688133217367,0.005744048742162102,0.0217121936973005,-0.011774934076725639,-0.004828705024558928
0.06803984930792707,0.07371121983552908,0.003733663764193926,0.5459172321186392,0.12275084479997672,0.030967338509459298,0.05596206410046128,0.06891548473681756,0.1154611239255261,0.036766812660627556,0.03656681052198574,0.11608577043296722,0.056873646978789064,0.03286514478560752,0.2013967005514571,0.0746219219793198,0.11343091380914393,0.05704112214662613,0.0673137186277125,0.0932034630366725,0.07005944975133774,0.033919628068915075,0.04630325156439306,0.16077296759145807,0.19507750292876688,0.04273682471185032,0.027226750511462384,0.0736917888871673,0.03368024074756516,0.11175338259719919,0.11732497865069778,0.1065702844693185,0.02507372653319786,0.039110421866270374,0.06003656994134878,0.057083032570713774,0.03154689128460985,0.03619373072387911,0.1486693253348167,0.14979411534564685,0.0017427838160975165,0.134010633557963,0.026422117706582048,-0.0032278897552389324,0.08081669564036839,0.054879490171212006,0.00898863008979695,0.006053210748672039,0.03331162226422345,0.07144472304796681,0.15984789131952248,-0.016465886386327493,0.029001405382231085,0.08350647116142777,0.05177260836817567,0.034783510388080495,0.4592263074521524,0.007316629976039335,0.07230201959201162,-0.006969896263585516,0.1709333150418266,0.08464702366656274
0.06715638973063573,0.08126081465552747,-0.004835540619248719,0.12275084479997672,0.6850047220461918,0.05296527678002848,0.03846332247071369,0.05903286926009734,0.07405305373964781,0.03432905638602939,0.015110260183583999,0.028318115901471357,0.05564886787409653,0.037058255295653174,0.050386482207847014,0.043873036354322145,0.10865507039339349,0.0960968987031648,0.04175842278423385,0.19654053682852768,0.030565619674693602,0.03482898989308214,0.03504414859645213,0.061021210213307,0.30594740873123283,0.02716293826594565,0.048559919748842585,0.05560577690017616,0.05506596699995893,0.07901876381997143,0.09761112657029883,0.08406396116381211,0.02441041342509326,0.06654140099159704,0.07113767392866456,0.03901051426222556,0.030495675576302547,0.07646086428706897,0.1140848913978197,0.0673267683599963,0.0008699090815565338,0.24763468842541106,0.030479832487967536,0.06010433703231159,0.21137760424308452,0.061207699454494335,0.042239451338908135,0.008005004770348054,0.03443443659601606,0.16530281092270535,0.1097801902716691,0.009091903335056951,0.03075673744448979,0.08770384571662289,0.0463254727641004,0.03066500134002298,-0.009375097126608457,-0.009282660701428608,0.03920516770298203,-0.02149988474862833,0.01244658653811932,0.07772821188054531
0.04228848336134514,0.031102461189724026,0.011662316708940346,0.030967338509459298,0.05296527678002848,0.12440464917464576,0.0078016730962317095,0.027069326098369196,0.0548332467375256,0.015361275062819852,0.011437623694268833,0.019438176615683717,0.023369985151314446,0.011554203980875094,0.050034622245436956,0.02866132025375134,0.04954377201755488,0.039732380515637815,0.05559248355301534,0.05531814257860937,0.006876054385632868,0.01168022981145456,0.026985024318586223,0.047188159548138625,0.06777113830340695,0.02683077950180737,0.012112794341674093,0.017355579275473727,0.006063484394682805,0.01152484431699792,0.019889849023286863,0.043683677594288865,0.016011908160257212,0.03148830410526056,0.04767396048498474,0.013204664184638962,0.009237486830516072,0.03298497858781131,0.05280859392132429,0.032923964285291804,0.0002921747432923223,0.05572816326284462,0.030230315280888962,0.04546654672113351,0.03468999005871571,0.06247581231892537,0.016617742504261315,0.007880207260663076,0.014368164707884908,0.03170112026494071,0.04774697339623728,0.02617582896623517,0.01854722930448048,0.027202857343374114,0.035564273177045615,0.015682986755691197,0.08036301855016185,0.01234507922901983,0.017720792980714835,0.004659877266415027,0.0747758457540463,0.06489699395648803
0.02831916514985441,0.02436228391685946,0.009082694857406667,0.05596206410046128,0.03846332247071369,0.0078016730962317095,0.20664245210260868,0.03034369329310305,0.06003065876609621,0.0164081311743524,0.015262255671151147,0.03492670434607452,0.03267627485152732,0.018960958783649808,0.05090610587928724,0.05240704686474932,0.0787005677561538,0.03750011376505158,0.027130363097834884,0.042992365975226335,0.01935861438287322,0.019062314409766374,0.012597559035815144,0.04905257070123664,0.055208738749661,0.02415779152838781,0.02979851320919001,0.028819706594232965,0.01837662112759583,0.02142401200119875,0.050318546891804046,0.03212392407806911,0.016240731335915717,0.01833839370658399,0.0466562024143291,0.027112561876471968,0.01436113655713443,0.025041617217670665,0.050976958564339175,0.04051011231481685,0.000675184940004295,0.06750849737724852,0.020615960911936543,0.038742721464870525,0.05169854472067728,0.03348029087870234,0.01418673323285991,0.002416859207680343,0.027318505384762826,0.06644781348267113,0.06701540866915896,0.004349450553606633,0.013248129990296694,0.03820743679780494,0.02550344745681537,0.013680216843655318,0.06061146432438022,0.009089294602245846,0.028838601142771633,-0.0015684659339907437,0.029086008724486297,-0.01604186235923774
0.038674230230628666,0.03474824299541918,0.00927822538628036,0.06891548473681756,0.05903286926009734,0.027069326098369196,0.03034369329310305,0.06016999307273314,0.05817939508868526,0.02191564516806797,0.0179052920380672,0.04224226526160402,0.02945099914705801,0.012002635103782635,0.05767291951958578,0.0435495091066699,0.05782300215279593,0.04424736090245572,0.041244231112242985,0.038531482506278664,0.029605638373477787,0.02089723274606704,0.019332419017318962,0.05102979376464403,0.08058800350538674,0.025035571926641267,0.0172926172845363,0.03570006940202271,0.018005764468241803,0.04287127739516921,0.042590593979221054,0.04552066430051741,0.010839321794018086,0.02816065895284835,0.040809019937600444,0.02543420529809163,0.019739358197245347,0.03508311526476397,0.04288513023501149,0.04787549471895843,0.0007535328730178631,0.061344806488270155,0.024401277666713527,0.014685380631096409,0.04432994039227022,0.03874216664318401,0.017832405539009076,0.008554382177677605,0.02219894957854916,0.052092830433997074,0.047115342616467555,0.016245578838535626,0.022540081802969503,0.040343838996992634,0.02460444678894677,0.02292454218331116,0.06166667408993131,0.00871595020152837,0.03237237107742602,0.0004913418404425872,0.06932884622666935,0.05539523094179072
0.07732723361078155,0.06186552697897965,0.01714140604898534,0.1154611239255261,0.07405305373964781,0.0548332467375256,0.06003065876609621,0.05817939508868526,0.2914418015643875,0.0430315360747589,0.03726256315489335,0.07654878569535875,0.05708146705043479,0.02458617968892886,0.1234623604808893,0.05609039432307363,0.09275230222744803,0.050036473800729585,0.05908437383647743,0.060602429318810595,0.044302076926188295,0.03408865761777504,0.06142478988589969,0.11683805039293044,0.10836669398400942,0.054903244344797646,0.034868715755387324,0.04017354309714679,0.04092747425265441,0.05231637684420707,0.09540580596164717,0.09143259646913333,0.035869190018768746,0.039597188485505405,0.07468290874937282,0.041282904265668316,0.02479366355985193,0.04567063012340757,0.08313413926680825,0.09467667877686219,0.0010513189965052155,0.1033703950472388,0.04243101704032139,0.03727392611053754,0.07982419502369438,0.06874547503308474,0.0238076215136315,0.008812286124422178,0.03729509150750323,0.11176846431897235,0.08509138859585727,0.014422865606814567,0.02658388272758839,0.0653374182558927,0.051972888467620985,0.045007363706085206,0.30088472367176317,0.014868998771206916,0.048387705927776595,0.0006371243338266232,0.06714147723603092,0.0797962096390001
0.02804701021963175,0.027106078943115144,0.005481057315747282,0.036766812660627556,0.03432905638602939,0.015361275062819852,0.0164081311743524,0.02191564516806797,0.0430315360747589,0.043367110248672916,0.020460583197899312,0.035198823045099054,0.03477555358056612,0.013363081472518749,0.03218684146008786,0.019941053847945155,0.03298786226132254,0.018224137724718904,0.027513650856928105,0.03158934971798528,0.02206770690483813,0.0255127453088568,0.021922139216599842,0.030036980956590773,0.033914393996360793,0.015402122697640316,0.020611029931104766,0.016028810811627908,0.020962142016980274,0.03209826770975642,0.03957366558113847,0.0424570608347627,0.013798344099355484,0.015404350874580303,0.039772966856099774,0.027333552866750627,0.022698464631785414,0.016932554216606468,0.03739752843668634,0.03235071784291642,0.00046431327370650397,0.04158528949741172,0.019990856940574144,0.012540707710244034,0.03125501083743878,0.02350946667155666,0.012347140860215352,0.002009551722892513,0.02290809419433925,0.02914960508925565,0.03475767837206318,0.005841783499658198,0.013875494635484069,0.03712523357779078,0.019562924021055028,0.02664701767630333,0.03962182928347134,0.0102584745402125,0.02630274798274096,-0.00014079254911542405,0.04279459791253078,0.04573654800699408
0.02827609481400637,0.02372913965516716,0.013333403204993582,0.03656681052198574,0.015110260183583999,0.011437623694268833,0.015262255671151147,0.0179052920380672,0.03726256315489335,0.020460583197899312,0.07164428162844039,0.019188606611707352,0.020131388441262266,0.010705111099951536,0.04276911996172925,0.011932945047357786,0.02842938274924894,0.016318143311565083,0.026624408514213115,0.026172664213664702,0.01756120353228613,0.016895935530577673,0.019650062665334735,0.031509934070626563,0.05427806330727365,0.020166982449647704,0.01924030559747874,0.005546247812468094,0.01702457106962844,0.04094501519022605,0.02736609080973216,0.027415136515145277,0.017114678944909797,0.013483464992161251,0.0338799610322406,0.015124563534512879,0.018737843634138888,0.019817064109620582,0.020610883144771976,0.030272628688155268,0.0004997814493077914,0.039870052197083686,0.0190413248950794,0.0171325683293782,0.03066996152275149,0.021615024990749836,0.00893668447813418,0.005732487687119695,0.024126285567912988,0.021006409311172956,0.013780463022435725,0.00877068638669543,0.012035044916082527,0.025931777086949995,0.02779147834671903,0.019972777437626602,0.10081950136502725,0.015621082901047157,0.016094142376176495,0.004881465490914882,0.04104201985233147,0.04793124789594296
0.05638692369364915,0.040712149368619575,0.0004746905853568327,0.11608577043296722,0.028318115901471357,0.019438176615683717,0.03492670434607452,0.04224226526160402,0.07654878569535875,0.035198823045099054,0.019188606611707352,0.16177815265378415,0.03814518901985233,0.009636455123320356,0.12895780980037805,0.03912337137078462,0.05937462300024784,0.03181192008310954,0.04664802572417475,0.07519040881761001,0.039855333086651,0.02666162814645224,0.013825276874570025,0.10114415616608297,0.06277801725149315,0.017933665981350193,0.009342050373974143,0.04227187566051293,0.024318914275094607,0.04357948998953963,0.07054182433843141,0.05773892179382539,0.01183707828993998,0.02803244903365645,0.06602321380923158,0.03151169561189446,0.022104564277321846,0.02049811971897732,0.07676136235369468,0.07035086465177098,0.0006929683316126385,0.04604201686956207,0.02859127898564666,0.011790303221280744,0.034087210133860284,0.041055722255785486,0.014542389628093465,0.006077828258746955,0.023002539743309642,-0.038742592431120104,0.07326204474916752,-0.0024746472834706055,0.018242852904655316,0.04843926267676702,0.028555195576142514,0.03221700636877088,0.18639213845587976,-0.0036114171576324613,0.05692023566462321,-0.00583340164560672,0.10840418593716016,0.057939675162696616
0.03574981354038782,0.03814331424730029,0.0027735940677428247,0.056873646978789064,0.05564886787409653,0.023369985151314446,0.03267627485152732,0.02945099914705801,0.05708146705043479,0.03477555358056612,0.020131388441262266,0.03814518901985233,0.04973059724545842,0.015106741662048766,0.04426205344701673,0.028154527276281826,0.041111124735125404,0.028060788864434267,0.037707859917767844,0.042392819347522114,0.024646590645186643,0.030878721388655387,0.02502114426140662,0.04960011901510808,0.05742132931408977,0.015031173006504256,0.026490106191040846,0.0243478361854079,0.02255715533893701,0.030162598573536436,0.049617726756042986,0.05250231419259069,0.014789889799014026,0.018932759384126644,0.04580877191868916,0.03174833781604314,0.028103643882490637,0.019627423351136927,0.04727798932645098,0.04032789976061656,0.00042990809246814507,0.05836217417036213,0.026689389070413197,0.02175466074898257,0.03629794065223264,0.034594187836338275,0.015021299847356173,0.002838638666217145,0.0286855495086118,0.04907797346919513,0.050023058765940404,0.00650195128738554,0.017166767476616135,0.04322509737815447,0.028805330120819757,0.033684166689501985,0.04874177519612287,0.008761609556632348,0.028144271070365597,-0.0037043947033875146,0.04117304608478146,0.052140124510514245
0.011224226178815926,0.023296876995954258,-3.294194485759636e-06,0.03286514478560752,0.037058255295653174,0.011554203980875094,0.018960958783649808,0.012002635103782635,0.02458617968892886,0.013363081472518749,0.010705111099951536,0.009636455123320356,0.015106741662048766,0.06188642639578314,0.016087489402815017,0.011989718584671941,0.026047297177495904,0.013383692837047276,0.01617480068888172,0.04348601868336652,0.007730774379293928,0.01360770734353333,0.007416935091414218,0.017502936593054155,0.03845142157841343,0.006846539017948983,0.00990261044084935,0.0073823792215217815,0.006431919538448561,0.025998997619623324,0.018990955371268804,0.028245580927121455,0.004591173268656597,0.009673864092702877,0.029867789498590702,0.016094508602627046,0.008874591877990647,0.023286845763801384,0.024058286448887304,0.01950872634194847,0.0002645188674158671,-0.006138282030265576,0.013531788950641433,0.017507476020923896,0.02392027956384315,0.009888630226662013,0.006301230208681789,0.0024172241102378873,0.011769495841480073,0.017913331388446863,0.02517228077359262,0.0032178677309331882,0.007874006375335566,0.022307930593826002,0.013200260102008372,0.016665088691093368,0.03130416349030572,-7.215220623212081e-05,0.006685474089915317,-0.0002532889162066511,0.0004511046845125848,0.006735844295953535
0.06565564813694076,0.04720667239022822,-0.003628745289264265,0.2013967005514571,0.050386482207847014,0.050034622245436956,0.05090610587928724,0.05767291951958578,0.1234623604808893,0.03218684146008786,0.04276911996172925,0.12895780980037805,0.04426205344701673,0.016087489402815017,0.4760866822133126,0.06909470289872369,0.059904907262286575,0.05737264098176381,0.06781869755104053,0.08192418639860007,0.05696066681836936,0.017671827508410416,0.024482369234125098,0.2659093135153526,0.12626124078345013,0.03549940093306723,0.00238617040753759,0.06904614651867821,0.030385191331362575,0.10385066191164839,0.13191311423676103,0.09859024132886895,-0.0063016569594667015,0.03541926668165934,0.11395546494956192,0.0370513576271335,0.02251534270911021,-0.0027485501253778598,0.1308224369493504,0.17287482156424325,0.0013698775405793218,0.056727519149711025,0.027499838875997173,0.03395556857425943,0.057627098155904076,0.06895386925508912,0.02040939501797159,0.004598974575209317,0.01556812093555208,0.0886140388500539,0.15510421738381375,-0.00487000950648832,0.013456771788599711,0.08969747107829307,0.05690466879118603,0.034755748266523515,0.6382801672189786,-0.0051487448513800336,0.06875997765886555,-0.017549605890131836,0.436129251648571,0.10285277627952935
0.03315792737931558,0.029187106021137707,0.01315365999263157,0.0746219219793198,0.043873036354322145,0.02866132025375134,0.05240704686474932,0.0435495091066699,0.05609039432307363,0.019941053847945155,0.011932945047357786,0.03912337137078462,0.028154527276281826,0.011989718584671941,0.06909470289872369,0.27268690579868615,0.06352483677108473,0.012470226153683203,0.03152874540003723,0.03822739576377925,0.03424940686738207,0.021931614697774337,0.028515805153569496,0.07672529013709968,0.09944886459889325,0.03878861455071632,0.04506608050013381,0.035107006997930595,0.007908023530526855,0.03798478127885337,0.06201394665866154,0.05166473053742174,0.0027078718977435103,0.029302303179811858,0.04566286336689352,0.03429929033374346,0.018384704274977886,0.02042105723284591,0.05200517291616807,0.06058606103591215,0.0016805492064759443,0.04728205127068876,0.011796310719703532,0.014103397699809879,0.02439973588643867,0.04005619060128275,0.014568249110815902,0.00729668322624131,0.00958087110123882,0.08988751591960012,0.09092501206934994,-0.0033352162413577647,0.007563775861609594,0.050702206425575255,0.02605080223165665,0.018495726496893742,0.07100420445398929,0.010906911039305382,0.023882216316495723,-0.002716962670295744,0.191512803308657,0.14639843209925285
0.05802868806266669,0.058427786470305554,0.022791686000412474,0.11343091380914393,0.10865507039339349,0.04954377201755488,0.0787005677561538,0.05782300215279593,0.09275230222744803,0.03298786226132254,0.02842938274924894,0.05937462300024784,0.041111124735125404,0.026047297177495904,0.059904907262286575,0.06352483677108473,0.36622881996338835,0.07372282409148401,0.06527122400335654,0.08291587242224216,0.04002703103297636,0.03296489573033537,0.03414792680712714,0.08166821948359544,0.13033086354756596,0.04515989159212438,0.025853160121448376,0.055532440185222826,0.023379756908057856,0.06748677959793195,0.10209593904669444,0.09284850350286106,0.025779409040101904,0.04465930051613031,0.04928325835117541,0.03958020965044419,0.0221236832182989,0.037651749717697414,0.1255177421714454,0.06245211565901839,0.000514610346550181,0.13000824255356896,0.05027374455981833,0.06374661797035841,0.09497990200262672,0.056577697009409775,0.015717220599480105,0.02022428398288019,0.036400043211374335,0.10699885244829406,0.1215353950390881,0.022116143978672655,0.039838149820956605,0.06237219073830162,0.05658299201695286,0.024710944381562173,0.04911216653465146,0.022135273826465587,0.04661598071054918,0.005769413907706395,0.06580630703838956,0.02993472619994299
0.04344627001895864,0.04101978874549149,0.006975828589371303,0.05704112214662613,0.0960968987031648,0.039732380515637815,0.03750011376505158,0.04424736090245572,0.050036473800729585,0.018224137724718904,0.016318143311565083,0.03181192008310954,0.028060788864434267,0.013383692837047276,0.05737264098176381,0.012470226153683203,0.07372282409148401,0.15025431559536565,0.041578659349654476,0.07247502143360628,0.02083749696048286,0.020395880337284397,0.0429802081471939,0.05576649892352941,0.103073814161745,0.021776047283925494,0.011706367231399338,0.04522183317669448,0.024501149790967246,0.0432575569826727,0.05102049670850687,0.04463790089713871,0.030114610749464976,0.03642576017690366,0.07294398554942338,0.017979354643685795,0.01669262847495423,0.02565947564701743,0.06469186086059027,0.06418328744175113,0.000571478318702417,0.0658508565857861,0.024117487005258044,0.043063958132761655,0.0755482184080487,0.06293520307316604,0.027708470459551864,0.009705388223895188,0.021643662206587703,0.06791115610717104,0.07298393589030988,0.023135080710182273,0.02763244267493724,0.04572554591414108,0.035779205435821505,0.02209164405447949,0.07461133706775026,0.019861886354840364,0.03175125321185891,0.0054514576059850215,0.06833908370769308,0.037172074946698996
0.052399389594567455,0.03635724810692272,0.004571887287211637,0.0673137186277125,0.04175842278423385,0.05559248355301534,0.027130363097834884,0.041244231112242985,0.05908437383647743,0.027513650856928105,0.026624408514213115,0.04664802572417475,0.037707859917767844,0.01617480068888172,0.06781869755104053,0.03152874540003723,0.06527122400335654,0.041578659349654476,0.11729288903951765,0.029274930620639152,0.027748471851425757,0.023089755848737445,0.0336826773970716,0.052436147534112784,0.09247930619290542,0.021678998137322984,0.020800697866185942,0.04250774396656709,0.015559731231590983,0.048791609574626096,0.03935367864322522,0.07319028262968476,0.024061829889156075,0.03780873405171391,0.05735723876698314,0.026561191153567643,0.022154409682452744,0.04114855978184249,0.050613277627896136,0.0373945573689137,8.134650384260234e-05,0.06970729173726403,0.03651248867398568,0.037995130585192216,0.03541777612150366,0.05466634492970906,0.016401323038711807,0.006898507936211435,0.03152029679400209,0.037828630696463514,0.06671033205753159,0.0238524164572193,0.023787863066291937,0.03787793455980252,0.03705611999748797,0.03168097775571439,0.06523362026776469,0.008257128410923562,0.02857953613338293,-0.001860716783500041,0.044596402157342535,0.07117931572899881
0.04422359869289503,0.07872576163982772,-0.0029220034664469096,0.0932034630366725,0.19654053682852768,0.05531814257860937,0.042992365975226335,0.038531482506278664,0.060602429318810595,0.03158934971798528,0.026172664213664702,0.07519040881761001,0.042392819347522114,0.04348601868336652,0.08192418639860007,0.03822739576377925,0.08291587242224216,0.07247502143360628,0.029274930620639152,0.7019809310591196,0.021088484164504862,0.04004168560398233,0.0309733421840438,0.05790573193459452,0.21953336990988961,0.019899750404907206,0.035868500216417534,-0.007419666510897621,0.03366252965016021,0.08662892170808253,0.06945942132485766,0.05990026215583572,0.02391338196654922,0.054085463738647144,0.12957366553930338,0.03424640192368626,0.01716369900056866,0.04187423505875264,0.10363787600110744,0.058942994065232124,-0.00023290466392214743,0.2048492380663856,0.040296824650937105,0.03056080870377482,0.17519334899792882,0.0882039669949133,0.035155436123737685,0.010895326848628015,0.024180035411250165,0.10013115170830414,0.10449542995642089,0.009246840299283495,0.02562387973213347,0.06856668001118887,0.0423037405094803,0.03693667182024864,0.16358031173214171,-0.01922755754158005,0.044261478771837115,-0.009903612759869014,0.08875917216728609,0.05363084073427689
0.030871758715971007,0.02805894188412313,0.005004566117806106,0.07005944975133774,0.030565619674693602,0.006876054385632868,0.01935861438287322,0.029605638373477787,0.044302076926188295,0.02206770690483813,0.01756120353228613,0.039855333086651,0.024646590645186643,0.007730774379293928,0.05696066681836936,0.03424940686738207,0.04002703103297636,0.02083749696048286,0.027748471851425757,0.021088484164504862,0.06043111401272045,0.018147866118984432,0.02138076216342601,0.051282725821758995,0.056565570112795796,0.015514921959208278,0.02107857982598055,0.02194649895119384,0.021975446108955556,0.03969084347971727,0.04777941624743652,0.042642873059012924,0.009081301225313327,0.020411235078367004,0.027138999004722032,0.016938366179139547,0.016992647050081224,0.016078569198621884,0.04614618523812811,0.039381074361396824,0.0004061472723145288,0.03309298461176513,0.018393130606863553,0.003340811552425885,0.02422232712247618,0.01919211446702625,0.010137606333000036,0.0031688576646251372,0.01633139408551269,0.047853657820872156,0.04301089976013756,0.002371764821527002,0.013536708566017604,0.035526503075830405,0.013584619777604735,0.02134517082293101,0.048849733579279235,0.006719408484294296,0.033932949522990384,0.0015769416365461436,0.017366155128218402,0.07304619054703511
0.023019056053014363,0.024218481670255917,0.0035728056817070117,0.033919628068915075,0.03482898989308214,0.01168022981145456,0.019062314409766374,0.02089723274606704,0.03408865761777504,0.0255127453088568,0.016895935530577673,0.02666162814645224,0.030878721388655387,0.01360770734353333,0.017671827508410416,0.021931614697774337,0.03296489573033537,0.020395880337284397,0.023089755848737445,0.04004168560398233,0.018147866118984432,0.05788558257411179,0.03921677089498002,0.02851806533904417,0.04615213379188991,0.015105809508408622,0.01594992618727386,0.012358000783422354,0.02133216808171526,0.03992300268223943,0.04054372694293905,0.027889343194573285,0.01863367758934624,0.00866994714063369,0.033015001717327755,0.01973033607453284,0.02020053781761998,0.010356826403916103,0.02962266961230367,0.01893866722000161,0.0003030862440686071,0.05518722125050337,0.021840952927584385,0.016090249544667517,0.02764542817397904,0.024906528156025134,0.007865769178659446,0.0025867637148709465,0.021809509730473645,0.03778024503856091,0.04044202844481466,0.001258192157008168,0.012287622786597757,0.03759877386112432,0.02530202782684991,0.026464421640648005,0.015309832580771933,0.008137194001206136,0.025334606521819264,-0.002402704190975961,0.03594668204923196,0.03868559574425218
0.039598343238681034,0.03720718546916225,0.011495063965690465,0.04630325156439306,0.03504414859645213,0.026985024318586223,0.012597559035815144,0.019332419017318962,0.06142478988589969,0.021922139216599842,0.019650062665334735,0.013825276874570025,0.02502114426140662,0.007416935091414218,0.024482369234125098,0.028515805153569496,0.03414792680712714,0.0429802081471939,0.0336826773970716,0.0309733421840438,0.02138076216342601,0.03921677089498002,0.15300286288741882,0.0453275179051828,0.07025096128783746,0.021868450736588926,0.023602613598668287,0.029164136628235724,0.02965664458005414,0.03279004881617719,0.0487330986065227,0.043377901821892766,0.05399166170833493,0.018485602237609096,0.04185020431902677,0.013488659203505803,0.010374292937895279,0.0021818365253990324,0.03274167776842866,0.04914783171047582,-9.848157646787053e-05,0.04929000745461961,0.02786573813642855,0.022673140229403265,0.016418163267592746,0.058710678774872044,0.016311543864654186,0.005784592615851148,0.021812255078616425,0.0994047004332739,0.07480725354382567,0.0067183708480818395,0.018734610547866595,0.03571558098620434,0.03545313108187277,0.01665901963181119,0.11036418192196348,0.020735442547462818,0.02596350797538287,0.003088175857872972,0.05936822080700103,0.0813272059263004
0.06491766133791135,0.06324529610101813,-0.0023567508861940282,0.16077296759145807,0.061021210213307,0.047188159548138625,0.04905257070123664,0.05102979376464403,0.11683805039293044,0.030036980956590773,0.031509934070626563,0.10114415616608297,0.04960011901510808,0.017502936593054155,0.2659093135153526,0.07672529013709968,0.08166821948359544,0.05576649892352941,0.052436147534112784,0.05790573193459452,0.051282725821758995,0.02851806533904417,0.0453275179051828,0.30987886515010243,0.10452080180068407,0.03288562521839582,0.01242948660128051,0.06452814657509019,0.03927239405434054,0.0757905884284005,0.11898726791350053,0.09689639571434443,0.024269633998936953,0.029688151687263364,0.09967405646807545,0.03987565910391769,0.026493853185424344,0.01686722202841233,0.11302440415426789,0.13272590247150443,0.000985916908357612,0.04303942575208115,0.04476568216344225,0.029416270919049668,0.04220576935168577,0.05873213111688897,0.018390398671993546,0.01238689440178902,0.022163351458743513,0.14075282906970932,0.1364473994937878,0.0012201794428176227,0.012480607402813457,0.07721067951978867,0.061345404547091954,0.038633776644486965,0.35554705447128293,-0.0015876057909444614,0.0543986692572731,-0.012171180170952296,0.2529556014464714,0.12323591732712251
0.06836487244841158,0.10543726875777946,0.012899103595610521,0.19507750292876688,0.30594740873123283,0.06777113830340695,0.055208738749661,0.08058800350538674,0.10836669398400942,0.033914393996360793,0.05427806330727365,0.06277801725149315,0.05742132931408977,0.03845142157841343,0.12626124078345013,0.09944886459889325,0.13033086354756596,0.103073814161745,0.09247930619290542,0.21953336990988961,0.056565570112795796,0.04615213379188991,0.07025096128783746,0.10452080180068407,0.6313711689762497,0.037878044158285926,0.05801880253575487,0.06795347565698485,0.0472952214038778,0.12213444794012247,0.12636035040917024,0.10977672854102183,0.030954678782299568,0.07393484790708538,0.09431645594761412,0.04669838537561749,0.03754012380894698,0.08183437183800311,0.173471293270667,0.12795116853033128,0.001053593675607703,0.2942194442910862,0.06742810091386665,0.06210301471095867,0.24901699634734156,0.08785525476137258,0.03678145463548152,0.016089467103565572,0.047527537383988135,0.1665982649558922,0.16445373525816814,0.025679914618718613,0.0377660472876914,0.08858272431549362,0.08141908132301716,0.04242621069815271,0.2835056062611765,0.008041196758264478,0.0676865233254759,-0.016404443341665374,0.147171674716004,0.1496723490420484
0.02988105337306359,0.020446023380678836,0.03679638446943929,0.04273682471185032,0.02716293826594565,0.02683077950180737,0.02415779152838781,0.025035571926641267,0.054903244344797646,0.015402122697640316,0.020166982449647704,0.017933665981350193,0.015031173006504256,0.006846539017948983,0.03549940093306723,0.03878861455071632,0.04515989159212438,0.021776047283925494,0.021678998137322984,0.019899750404907206,0.015514921959208278,0.015105809508408622,0.021868450736588926,0.03288562521839582,0.037878044158285926,0.07194548480898837,0.020427471148756777,0.01719996698902592,0.008521059744626589,0.040146937961144005,0.036169067755999755,0.029729247431811885,0.019199632211192325,0.01929905190654143,0.02548635932051341,0.014731365046650124,0.008904625489925913,0.013666094083053361,0.027946403495396024,0.05666822431139179,0.00045298879979660674,0.03652754264240269,0.017429595590343534,0.02367460351964177,0.02824775208577327,0.03160376111515692,0.014194136775567953,0.008222484775005656,0.011844416254597534,0.0319241973891712,0.03991194456251061,0.016365706636084533,0.015733778190009793,0.034874117823946935,0.027761359431620267,0.01394892609861372,0.07026386309895306,0.025289497340456314,0.0218465910064774,0.020621236127613754,0.04646822536122645,0.02021328264093036
0.011680145541439377,0.021098318075984484,0.01478531107098773,0.027226750511462384,0.048559919748842585,0.012112794341674093,0.02979851320919001,0.0172926172845363,0.034868715755387324,0.020611029931104766,0.01924030559747874,0.009342050373974143,0.026490106191040846,0.00990261044084935,0.00238617040753759,0.04506608050013381,0.025853160121448376,0.011706367231399338,0.020800697866185942,0.035868500216417534,0.02107857982598055,0.01594992618727386,0.023602613598668287,0.01242948660128051,0.05801880253575487,0.020427471148756777,0.1358797931215544,0.00795576456087959,0.01803683093891104,0.028032667705789986,0.01351701766001769,0.02746855312991122,0.012396280605191632,0.01766134854847294,0.01295507544977569,0.018790404211514428,0.017871527420720876,0.0047383037326070455,0.025639968597876192,0.020574247856373653,0.0007066171317952812,0.03951490336405043,0.006815819636774757,0.018817841230390677,0.03139587474212099,0.021087814236802525,0.009296586822870162,0.004306175805251302,0.016333246659917092,0.04257088788001874,-0.001141298559195919,-0.003254032746777108,0.010462202885946383,0.025535050315824353,0.02018263328633608,0.023214593190959,-0.023850562166065244,0.01169545638238998,0.01771712243407435,-9.247132856553794e-05,-0.05780783716955045,0.04037669368043033
0.02346772420832746,0.036695229742328646,0.006605234784671195,0.0736917888871673,0.05560577690017616,0.017355579275473727,0.028819706594232965,0.03570006940202271,0.04017354309714679,0.016028810811627908,0.005546247812468094,0.04227187566051293,0.0243478361854079,0.0073823792215217815,0.06904614651867821,0.035107006997930595,0.055532440185222826,0.04522183317669448,0.04250774396656709,-0.007419666510897621,0.02194649895119384,0.012358000783422354,0.029164136628235724,0.06452814657509019,0.06795347565698485,0.01719996698902592,0.00795576456087959,0.14759075190107393,0.012714795717106727,0.02934464621523178,0.030972627448787142,0.05483111593921387,0.018933099254922828,0.020066573927073346,0.031422102900834546,0.015151994770140067,0.01290618651682301,0.03052198163934574,0.0598727578258806,0.05962107527634408,-0.0002712195806106039,0.08897940281083894,0.012815498799573092,0.025600780411977112,0.041304725420138494,0.030083477817183978,0.017408675147387337,0.0033593250454428225,0.01807694133751828,0.03780459994368102,0.051305683342869904,0.01419446576478087,0.018487341611438897,0.030472440080673947,0.022905459554191328,0.01631700715535115,-0.0249474999323821,0.0021288782998544805,0.015879180375177052,-0.0036533588173098468,0.08142156768787301,0.04507996835572052
0.018496867901172914,0.023443518847071746,0.004422960026495284,0.03368024074756516,0.05506596699995893,0.006063484394682805,0.01837662112759583,0.018005764468241803,0.04092747425265441,0.020962142016980274,0.01702457106962844,0.024318914275094607,0.02255715533893701,0.006431919538448561,0.030385191331362575,0.007908023530526855,0.023379756908057856,0.024501149790967246,0.015559731231590983,0.03366252965016021,0.021975446108955556,0.02133216808171526,0.02965664458005414,0.03927239405434054,0.0472952214038778,0.008521059744626589,0.01803683093891104,0.012714795717106727,0.06089465151785762,0.01942829944255927,0.03290963915450062,0.03509926781058138,0.013307055311030463,0.013694665367968498,0.02794899058671556,0.013854485154316134,0.015556106568434752,0.0201607099348449,0.02120064785735879,0.01899975022951333,0.0005105113824084212,0.035308727328267515,0.015681772218489758,0.012462207940274682,0.031410859773594584,0.01955372929348039,0.016936036561340715,0.004529851665223494,0.021740520882293453,0.043341753725670173,0.029270053891915455,0.00710588090556715,0.005811188897050202,0.027923880006518752,0.019406927012959242,0.016949377053919388,0.06121645812089009,0.00827796345128828,0.02356406786810497,-0.001625983939655887,0.047231126942567515,0.026691673839756642
0.04135484351620782,0.04035966599399372,0.00685370192071554,0.11175338259719919,0.07901876381997143,0.01152484431699792,0.02142401200119875,0.04287127739516921,0.05231637684420707,0.03209826770975642,0.04094501519022605,0.04357948998953963,0.030162598573536436,0.025998997619623324,0.10385066191164839,0.03798478127885337,0.06748677959793195,0.0432575569826727,0.048791609574626096,0.08662892170808253,0.03969084347971727,0.03992300268223943,0.03279004881617719,0.0757905884284005,0.12213444794012247,0.040146937961144005,0.028032667705789986,0.02934464621523178,0.01942829944255927,0.3597912948077331,0.051697748782334116,0.04335172381890565,0.020030892323401522,0.02090257920761843,0.07641580822352953,0.026762267260697446,0.02884738945916982,0.030183973247313305,0.08778685373265795,0.07463190808430191,0.0004018169755933636,0.08301373467216407,0.036369796605577265,0.01548029484699159,0.06942729100288071,0.028577271280485216,0.007570126233637972,0.02218684542642451,0.026593162869848985,0.06724382713084741,0.07733819086906649,0.009279621793920851,0.011808850962187065,0.06384825851805777,0.04138591746487353,0.028417428482809676,0.2979725325893586,0.01172612115491494,0.04134004135306208,-0.0007737614075733783,0.11708714591970573,0.05584015925622528
0.059633981248199,0.051034530425417175,0.00026130195141353945,0.11732497865069778,0.09761112657029883,0.019889849023286863,0.050318546891804046,0.042590593979221054,0.09540580596164717,0.03957366558113847,0.02736609080973216,0.07054182433843141,0.049617726756042986,0.018990955371268804,0.13191311423676103,0.06201394665866154,0.10209593904669444,0.05102049670850687,0.03935367864322522,0.06945942132485766,0.04777941624743652,0.04054372694293905,0.0487330986065227,0.11898726791350053,0.12636035040917024,0.036169067755999755,0.01351701766001769,0.030972627448787142,0.03290963915450062,0.051697748782334116,0.3054276578045193,0.09083967036130883,0.011502421863413909,0.028053530651674943,0.1085658888108948,0.03970268982263244,0.03341531839325852,0.032804354247719325,0.09247841110596074,0.06601724346486529,0.0002856448288228044,0.08552635167635328,0.020612170424531222,0.037140089511510564,0.05981914587353979,0.055115679991974614,0.0176886737228946,0.006895276193676002,0.035726368843785654,0.08953199609432506,0.1206712776143137,-0.00900218718287203,0.01816254430777302,0.07481907007126289,0.04232579242764476,0.03730248044723548,0.1854771876669623,0.007824605276415965,0.05369418220751323,-0.011145604929422032,0.13429040460441152,0.10032747052186883
