{
 "cells": [
  {
   "cell_type": "code",
   "execution_count": 1,
   "metadata": {},
   "outputs": [],
   "source": [
    "import numpy as np\n",
    "import time\n",
    "import os\n",
    "os.chdir('/home/koritskiy/Yandex.Disk/personal/rqc/markowitz_partitioning')\n",
    "os.getcwd()\n",
    "from modules.partitioning import Partitioning"
   ]
  },
  {
   "cell_type": "code",
   "execution_count": 16,
   "metadata": {},
   "outputs": [
    {
     "name": "stdout",
     "output_type": "stream",
     "text": [
      "195\n"
     ]
    }
   ],
   "source": [
    "import itertools\n",
    "block_dims = []\n",
    "for length in range(3, 7):\n",
    "    for dims in itertools.combinations_with_replacement([3,4,5,6], length):\n",
    "        block_dims.append(list(dims))\n",
    "print(len(block_dims))"
   ]
  },
  {
   "cell_type": "code",
   "execution_count": 30,
   "metadata": {},
   "outputs": [
    {
     "name": "stdout",
     "output_type": "stream",
     "text": [
      "Given random block matrix:\n",
      "[[0.9208472  0.61705494 0.37616856 0.         0.         0.\n",
      "  0.         0.         0.        ]\n",
      " [0.61705494 0.96154184 0.62267533 0.         0.         0.\n",
      "  0.         0.         0.        ]\n",
      " [0.37616856 0.62267533 0.80991742 0.         0.         0.\n",
      "  0.         0.         0.        ]\n",
      " [0.         0.         0.         0.83439904 0.74093698 0.49653289\n",
      "  0.         0.         0.        ]\n",
      " [0.         0.         0.         0.74093698 0.89424373 0.67666195\n",
      "  0.         0.         0.        ]\n",
      " [0.         0.         0.         0.49653289 0.67666195 0.88256008\n",
      "  0.         0.         0.        ]\n",
      " [0.         0.         0.         0.         0.         0.\n",
      "  0.95828384 0.65607929 0.38544873]\n",
      " [0.         0.         0.         0.         0.         0.\n",
      "  0.65607929 0.83423747 0.71274924]\n",
      " [0.         0.         0.         0.         0.         0.\n",
      "  0.38544873 0.71274924 0.90499496]]\n",
      "\n",
      "\n",
      "Random permutation matrix:\n",
      "[[0. 0. 0. 0. 1. 0. 0. 0. 0.]\n",
      " [0. 0. 0. 0. 0. 0. 0. 1. 0.]\n",
      " [1. 0. 0. 0. 0. 0. 0. 0. 0.]\n",
      " [0. 0. 0. 0. 0. 0. 1. 0. 0.]\n",
      " [0. 0. 1. 0. 0. 0. 0. 0. 0.]\n",
      " [0. 0. 0. 0. 0. 0. 0. 0. 1.]\n",
      " [0. 1. 0. 0. 0. 0. 0. 0. 0.]\n",
      " [0. 0. 0. 0. 0. 1. 0. 0. 0.]\n",
      " [0. 0. 0. 1. 0. 0. 0. 0. 0.]]\n",
      "\n",
      "\n",
      "Mixed matrix\n",
      "[[0.80991742 0.         0.         0.         0.37616856 0.\n",
      "  0.         0.62267533 0.        ]\n",
      " [0.         0.95828384 0.         0.38544873 0.         0.65607929\n",
      "  0.         0.         0.        ]\n",
      " [0.         0.         0.89424373 0.         0.         0.\n",
      "  0.74093698 0.         0.67666195]\n",
      " [0.         0.38544873 0.         0.90499496 0.         0.71274924\n",
      "  0.         0.         0.        ]\n",
      " [0.37616856 0.         0.         0.         0.9208472  0.\n",
      "  0.         0.61705494 0.        ]\n",
      " [0.         0.65607929 0.         0.71274924 0.         0.83423747\n",
      "  0.         0.         0.        ]\n",
      " [0.         0.         0.74093698 0.         0.         0.\n",
      "  0.83439904 0.         0.49653289]\n",
      " [0.62267533 0.         0.         0.         0.61705494 0.\n",
      "  0.         0.96154184 0.        ]\n",
      " [0.         0.         0.67666195 0.         0.         0.\n",
      "  0.49653289 0.         0.88256008]]\n",
      "\n",
      "\n",
      "Given random block matrix:\n",
      "[[0.84805984 0.60600387 0.41112429 0.         0.         0.\n",
      "  0.         0.         0.         0.        ]\n",
      " [0.60600387 0.89618884 0.68435758 0.         0.         0.\n",
      "  0.         0.         0.         0.        ]\n",
      " [0.41112429 0.68435758 0.95958864 0.         0.         0.\n",
      "  0.         0.         0.         0.        ]\n",
      " [0.         0.         0.         0.92767838 0.74381293 0.44208176\n",
      "  0.         0.         0.         0.        ]\n",
      " [0.         0.         0.         0.74381293 0.75555868 0.64015072\n",
      "  0.         0.         0.         0.        ]\n",
      " [0.         0.         0.         0.44208176 0.64015072 0.99664182\n",
      "  0.         0.         0.         0.        ]\n",
      " [0.         0.         0.         0.         0.         0.\n",
      "  0.9062391  0.64248182 0.45965454 0.39770542]\n",
      " [0.         0.         0.         0.         0.         0.\n",
      "  0.64248182 0.89103086 0.78228795 0.48803483]\n",
      " [0.         0.         0.         0.         0.         0.\n",
      "  0.45965454 0.78228795 0.84093678 0.61581058]\n",
      " [0.         0.         0.         0.         0.         0.\n",
      "  0.39770542 0.48803483 0.61581058 0.9692856 ]]\n",
      "\n",
      "\n",
      "Random permutation matrix:\n",
      "[[0. 0. 0. 0. 0. 1. 0. 0. 0. 0.]\n",
      " [0. 0. 0. 0. 0. 0. 0. 0. 0. 1.]\n",
      " [0. 0. 0. 0. 1. 0. 0. 0. 0. 0.]\n",
      " [0. 0. 0. 0. 0. 0. 1. 0. 0. 0.]\n",
      " [1. 0. 0. 0. 0. 0. 0. 0. 0. 0.]\n",
      " [0. 0. 0. 0. 0. 0. 0. 1. 0. 0.]\n",
      " [0. 1. 0. 0. 0. 0. 0. 0. 0. 0.]\n",
      " [0. 0. 0. 1. 0. 0. 0. 0. 0. 0.]\n",
      " [0. 0. 1. 0. 0. 0. 0. 0. 0. 0.]\n",
      " [0. 0. 0. 0. 0. 0. 0. 0. 1. 0.]]\n",
      "\n",
      "\n",
      "Mixed matrix\n",
      "[[0.75555868 0.         0.         0.         0.         0.\n",
      "  0.74381293 0.64015072 0.         0.        ]\n",
      " [0.         0.9062391  0.45965454 0.64248182 0.         0.\n",
      "  0.         0.         0.39770542 0.        ]\n",
      " [0.         0.45965454 0.84093678 0.78228795 0.         0.\n",
      "  0.         0.         0.61581058 0.        ]\n",
      " [0.         0.64248182 0.78228795 0.89103086 0.         0.\n",
      "  0.         0.         0.48803483 0.        ]\n",
      " [0.         0.         0.         0.         0.95958864 0.41112429\n",
      "  0.         0.         0.         0.68435758]\n",
      " [0.         0.         0.         0.         0.41112429 0.84805984\n",
      "  0.         0.         0.         0.60600387]\n",
      " [0.74381293 0.         0.         0.         0.         0.\n",
      "  0.92767838 0.44208176 0.         0.        ]\n",
      " [0.64015072 0.         0.         0.         0.         0.\n",
      "  0.44208176 0.99664182 0.         0.        ]\n",
      " [0.         0.39770542 0.61581058 0.48803483 0.         0.\n",
      "  0.         0.         0.9692856  0.        ]\n",
      " [0.         0.         0.         0.         0.68435758 0.60600387\n",
      "  0.         0.         0.         0.89618884]]\n",
      "\n",
      "\n",
      "Given random block matrix:\n",
      "[[0.97315627 0.6992588  0.44118141 0.         0.         0.\n",
      "  0.         0.         0.         0.         0.        ]\n",
      " [0.6992588  0.8679565  0.63766013 0.         0.         0.\n",
      "  0.         0.         0.         0.         0.        ]\n",
      " [0.44118141 0.63766013 0.80274568 0.         0.         0.\n",
      "  0.         0.         0.         0.         0.        ]\n",
      " [0.         0.         0.         0.9430842  0.71942477 0.44629617\n",
      "  0.         0.         0.         0.         0.        ]\n",
      " [0.         0.         0.         0.71942477 0.78627528 0.60726381\n",
      "  0.         0.         0.         0.         0.        ]\n",
      " [0.         0.         0.         0.44629617 0.60726381 0.76485859\n",
      "  0.         0.         0.         0.         0.        ]\n",
      " [0.         0.         0.         0.         0.         0.\n",
      "  0.94454283 0.71512538 0.65340472 0.46389679 0.28513687]\n",
      " [0.         0.         0.         0.         0.         0.\n",
      "  0.71512538 0.96920524 0.67631313 0.54099626 0.36786577]\n",
      " [0.         0.         0.         0.         0.         0.\n",
      "  0.65340472 0.67631313 0.92039019 0.75898397 0.62129573]\n",
      " [0.         0.         0.         0.         0.         0.\n",
      "  0.46389679 0.54099626 0.75898397 0.87769482 0.78115822]\n",
      " [0.         0.         0.         0.         0.         0.\n",
      "  0.28513687 0.36786577 0.62129573 0.78115822 0.94842811]]\n",
      "\n",
      "\n",
      "Random permutation matrix:\n",
      "[[0. 0. 0. 0. 0. 0. 0. 0. 0. 1. 0.]\n",
      " [0. 1. 0. 0. 0. 0. 0. 0. 0. 0. 0.]\n",
      " [0. 0. 0. 0. 1. 0. 0. 0. 0. 0. 0.]\n",
      " [0. 0. 0. 0. 0. 0. 0. 0. 1. 0. 0.]\n",
      " [0. 0. 0. 0. 0. 0. 0. 0. 0. 0. 1.]\n",
      " [0. 0. 0. 0. 0. 0. 0. 1. 0. 0. 0.]\n",
      " [0. 0. 0. 0. 0. 0. 1. 0. 0. 0. 0.]\n",
      " [0. 0. 0. 0. 0. 1. 0. 0. 0. 0. 0.]\n",
      " [1. 0. 0. 0. 0. 0. 0. 0. 0. 0. 0.]\n",
      " [0. 0. 0. 1. 0. 0. 0. 0. 0. 0. 0.]\n",
      " [0. 0. 1. 0. 0. 0. 0. 0. 0. 0. 0.]]\n",
      "\n",
      "\n",
      "Mixed matrix\n",
      "[[0.92039019 0.         0.62129573 0.75898397 0.         0.67631313\n",
      "  0.65340472 0.         0.         0.         0.        ]\n",
      " [0.         0.8679565  0.         0.         0.63766013 0.\n",
      "  0.         0.         0.         0.6992588  0.        ]\n",
      " [0.62129573 0.         0.94842811 0.78115822 0.         0.36786577\n",
      "  0.28513687 0.         0.         0.         0.        ]\n",
      " [0.75898397 0.         0.78115822 0.87769482 0.         0.54099626\n",
      "  0.46389679 0.         0.         0.         0.        ]\n",
      " [0.         0.63766013 0.         0.         0.80274568 0.\n",
      "  0.         0.         0.         0.44118141 0.        ]\n",
      " [0.67631313 0.         0.36786577 0.54099626 0.         0.96920524\n",
      "  0.71512538 0.         0.         0.         0.        ]\n",
      " [0.65340472 0.         0.28513687 0.46389679 0.         0.71512538\n",
      "  0.94454283 0.         0.         0.         0.        ]\n",
      " [0.         0.         0.         0.         0.         0.\n",
      "  0.         0.76485859 0.44629617 0.         0.60726381]\n",
      " [0.         0.         0.         0.         0.         0.\n",
      "  0.         0.44629617 0.9430842  0.         0.71942477]\n",
      " [0.         0.6992588  0.         0.         0.44118141 0.\n",
      "  0.         0.         0.         0.97315627 0.        ]\n",
      " [0.         0.         0.         0.         0.         0.\n",
      "  0.         0.60726381 0.71942477 0.         0.78627528]]\n",
      "\n",
      "\n",
      "Given random block matrix:\n",
      "[[0.8390704  0.62013083 0.26283066 0.         0.         0.\n",
      "  0.         0.         0.         0.         0.         0.        ]\n",
      " [0.62013083 0.97833276 0.53965288 0.         0.         0.\n",
      "  0.         0.         0.         0.         0.         0.        ]\n",
      " [0.26283066 0.53965288 0.86276912 0.         0.         0.\n",
      "  0.         0.         0.         0.         0.         0.        ]\n",
      " [0.         0.         0.         0.95670769 0.59052229 0.39631045\n",
      "  0.         0.         0.         0.         0.         0.        ]\n",
      " [0.         0.         0.         0.59052229 0.83575877 0.71438273\n",
      "  0.         0.         0.         0.         0.         0.        ]\n",
      " [0.         0.         0.         0.39631045 0.71438273 0.96988225\n",
      "  0.         0.         0.         0.         0.         0.        ]\n",
      " [0.         0.         0.         0.         0.         0.\n",
      "  0.8920674  0.83956097 0.64569169 0.44099494 0.406376   0.27911291]\n",
      " [0.         0.         0.         0.         0.         0.\n",
      "  0.83956097 0.90726324 0.81649979 0.62065546 0.55848569 0.32039903]\n",
      " [0.         0.         0.         0.         0.         0.\n",
      "  0.64569169 0.81649979 0.92460037 0.84436087 0.59449025 0.51175956]\n",
      " [0.         0.         0.         0.         0.         0.\n",
      "  0.44099494 0.62065546 0.84436087 0.87867553 0.75993725 0.61360991]\n",
      " [0.         0.         0.         0.         0.         0.\n",
      "  0.406376   0.55848569 0.59449025 0.75993725 0.85933731 0.7844463 ]\n",
      " [0.         0.         0.         0.         0.         0.\n",
      "  0.27911291 0.32039903 0.51175956 0.61360991 0.7844463  0.99328453]]\n",
      "\n",
      "\n",
      "Random permutation matrix:\n",
      "[[0. 0. 0. 0. 0. 0. 0. 0. 0. 0. 0. 1.]\n",
      " [0. 1. 0. 0. 0. 0. 0. 0. 0. 0. 0. 0.]\n",
      " [0. 0. 0. 0. 0. 0. 0. 0. 0. 1. 0. 0.]\n",
      " [1. 0. 0. 0. 0. 0. 0. 0. 0. 0. 0. 0.]\n",
      " [0. 0. 0. 0. 0. 1. 0. 0. 0. 0. 0. 0.]\n",
      " [0. 0. 0. 0. 0. 0. 1. 0. 0. 0. 0. 0.]\n",
      " [0. 0. 0. 0. 0. 0. 0. 0. 0. 0. 1. 0.]\n",
      " [0. 0. 1. 0. 0. 0. 0. 0. 0. 0. 0. 0.]\n",
      " [0. 0. 0. 0. 1. 0. 0. 0. 0. 0. 0. 0.]\n",
      " [0. 0. 0. 0. 0. 0. 0. 1. 0. 0. 0. 0.]\n",
      " [0. 0. 0. 0. 0. 0. 0. 0. 1. 0. 0. 0.]\n",
      " [0. 0. 0. 1. 0. 0. 0. 0. 0. 0. 0. 0.]]\n",
      "\n",
      "\n",
      "Mixed matrix\n",
      "[[0.95670769 0.         0.         0.         0.         0.59052229\n",
      "  0.39631045 0.         0.         0.         0.         0.        ]\n",
      " [0.         0.97833276 0.         0.         0.         0.\n",
      "  0.         0.         0.         0.53965288 0.         0.62013083]\n",
      " [0.         0.         0.90726324 0.32039903 0.81649979 0.\n",
      "  0.         0.62065546 0.55848569 0.         0.83956097 0.        ]\n",
      " [0.         0.         0.32039903 0.99328453 0.51175956 0.\n",
      "  0.         0.61360991 0.7844463  0.         0.27911291 0.        ]\n",
      " [0.         0.         0.81649979 0.51175956 0.92460037 0.\n",
      "  0.         0.84436087 0.59449025 0.         0.64569169 0.        ]\n",
      " [0.59052229 0.         0.         0.         0.         0.83575877\n",
      "  0.71438273 0.         0.         0.         0.         0.        ]\n",
      " [0.39631045 0.         0.         0.         0.         0.71438273\n",
      "  0.96988225 0.         0.         0.         0.         0.        ]\n",
      " [0.         0.         0.62065546 0.61360991 0.84436087 0.\n",
      "  0.         0.87867553 0.75993725 0.         0.44099494 0.        ]\n",
      " [0.         0.         0.55848569 0.7844463  0.59449025 0.\n",
      "  0.         0.75993725 0.85933731 0.         0.406376   0.        ]\n",
      " [0.         0.53965288 0.         0.         0.         0.\n",
      "  0.         0.         0.         0.86276912 0.         0.26283066]\n",
      " [0.         0.         0.83956097 0.27911291 0.64569169 0.\n",
      "  0.         0.44099494 0.406376   0.         0.8920674  0.        ]\n",
      " [0.         0.62013083 0.         0.         0.         0.\n",
      "  0.         0.         0.         0.26283066 0.         0.8390704 ]]\n",
      "\n",
      "\n",
      "Given random block matrix:\n",
      "[[0.83640525 0.66128274 0.4697316  0.         0.         0.\n",
      "  0.         0.         0.         0.         0.        ]\n",
      " [0.66128274 0.92578138 0.72700189 0.         0.         0.\n",
      "  0.         0.         0.         0.         0.        ]\n",
      " [0.4697316  0.72700189 0.77137711 0.         0.         0.\n",
      "  0.         0.         0.         0.         0.        ]\n",
      " [0.         0.         0.         0.8981147  0.768519   0.40725852\n",
      "  0.23153894 0.         0.         0.         0.        ]\n",
      " [0.         0.         0.         0.768519   0.94490984 0.72330944\n",
      "  0.55734154 0.         0.         0.         0.        ]\n",
      " [0.         0.         0.         0.40725852 0.72330944 0.94884635\n",
      "  0.79853074 0.         0.         0.         0.        ]\n",
      " [0.         0.         0.         0.23153894 0.55734154 0.79853074\n",
      "  0.97528773 0.         0.         0.         0.        ]\n",
      " [0.         0.         0.         0.         0.         0.\n",
      "  0.         0.9263961  0.76148007 0.58161219 0.37674605]\n",
      " [0.         0.         0.         0.         0.         0.\n",
      "  0.         0.76148007 0.89389501 0.6931112  0.46456688]\n",
      " [0.         0.         0.         0.         0.         0.\n",
      "  0.         0.58161219 0.6931112  0.81167628 0.6018157 ]\n",
      " [0.         0.         0.         0.         0.         0.\n",
      "  0.         0.37674605 0.46456688 0.6018157  0.80885965]]\n",
      "\n",
      "\n",
      "Random permutation matrix:\n",
      "[[0. 0. 0. 0. 0. 0. 0. 0. 0. 1. 0.]\n",
      " [0. 0. 0. 1. 0. 0. 0. 0. 0. 0. 0.]\n",
      " [0. 0. 1. 0. 0. 0. 0. 0. 0. 0. 0.]\n",
      " [0. 0. 0. 0. 0. 0. 0. 0. 0. 0. 1.]\n",
      " [0. 0. 0. 0. 0. 0. 0. 0. 1. 0. 0.]\n",
      " [0. 0. 0. 0. 1. 0. 0. 0. 0. 0. 0.]\n",
      " [0. 0. 0. 0. 0. 1. 0. 0. 0. 0. 0.]\n",
      " [0. 0. 0. 0. 0. 0. 0. 1. 0. 0. 0.]\n",
      " [0. 1. 0. 0. 0. 0. 0. 0. 0. 0. 0.]\n",
      " [0. 0. 0. 0. 0. 0. 1. 0. 0. 0. 0.]\n",
      " [1. 0. 0. 0. 0. 0. 0. 0. 0. 0. 0.]]\n",
      "\n",
      "\n",
      "Mixed matrix\n",
      "[[0.80885965 0.46456688 0.         0.         0.         0.\n",
      "  0.6018157  0.37674605 0.         0.         0.        ]\n",
      " [0.46456688 0.89389501 0.         0.         0.         0.\n",
      "  0.6931112  0.76148007 0.         0.         0.        ]\n",
      " [0.         0.         0.77137711 0.72700189 0.         0.\n",
      "  0.         0.         0.         0.4697316  0.        ]\n",
      " [0.         0.         0.72700189 0.92578138 0.         0.\n",
      "  0.         0.         0.         0.66128274 0.        ]\n",
      " [0.         0.         0.         0.         0.94884635 0.79853074\n",
      "  0.         0.         0.72330944 0.         0.40725852]\n",
      " [0.         0.         0.         0.         0.79853074 0.97528773\n",
      "  0.         0.         0.55734154 0.         0.23153894]\n",
      " [0.6018157  0.6931112  0.         0.         0.         0.\n",
      "  0.81167628 0.58161219 0.         0.         0.        ]\n",
      " [0.37674605 0.76148007 0.         0.         0.         0.\n",
      "  0.58161219 0.9263961  0.         0.         0.        ]\n",
      " [0.         0.         0.         0.         0.72330944 0.55734154\n",
      "  0.         0.         0.94490984 0.         0.768519  ]\n",
      " [0.         0.         0.4697316  0.66128274 0.         0.\n",
      "  0.         0.         0.         0.83640525 0.        ]\n",
      " [0.         0.         0.         0.         0.40725852 0.23153894\n",
      "  0.         0.         0.768519   0.         0.8981147 ]]\n",
      "\n",
      "\n",
      "Given random block matrix:\n",
      "[[0.85125914 0.66459518 0.33567064 0.         0.         0.\n",
      "  0.         0.         0.         0.         0.         0.        ]\n",
      " [0.66459518 0.76225534 0.62405338 0.         0.         0.\n",
      "  0.         0.         0.         0.         0.         0.        ]\n",
      " [0.33567064 0.62405338 0.9458449  0.         0.         0.\n",
      "  0.         0.         0.         0.         0.         0.        ]\n",
      " [0.         0.         0.         0.90347076 0.76941964 0.56774409\n",
      "  0.29921992 0.         0.         0.         0.         0.        ]\n",
      " [0.         0.         0.         0.76941964 0.8912094  0.79142436\n",
      "  0.43156647 0.         0.         0.         0.         0.        ]\n",
      " [0.         0.         0.         0.56774409 0.79142436 0.92171288\n",
      "  0.61538187 0.         0.         0.         0.         0.        ]\n",
      " [0.         0.         0.         0.29921992 0.43156647 0.61538187\n",
      "  0.97386769 0.         0.         0.         0.         0.        ]\n",
      " [0.         0.         0.         0.         0.         0.\n",
      "  0.         0.85815308 0.81290389 0.55509707 0.35854191 0.23365327]\n",
      " [0.         0.         0.         0.         0.         0.\n",
      "  0.         0.81290389 0.89653345 0.7709794  0.61977544 0.46780073]\n",
      " [0.         0.         0.         0.         0.         0.\n",
      "  0.         0.55509707 0.7709794  0.99491544 0.72661789 0.6355084 ]\n",
      " [0.         0.         0.         0.         0.         0.\n",
      "  0.         0.35854191 0.61977544 0.72661789 0.95208513 0.6804836 ]\n",
      " [0.         0.         0.         0.         0.         0.\n",
      "  0.         0.23365327 0.46780073 0.6355084  0.6804836  0.83710089]]\n",
      "\n",
      "\n",
      "Random permutation matrix:\n",
      "[[0. 0. 0. 0. 0. 0. 0. 0. 1. 0. 0. 0.]\n",
      " [0. 1. 0. 0. 0. 0. 0. 0. 0. 0. 0. 0.]\n",
      " [0. 0. 0. 0. 0. 0. 0. 0. 0. 0. 1. 0.]\n",
      " [0. 0. 0. 0. 0. 1. 0. 0. 0. 0. 0. 0.]\n",
      " [0. 0. 0. 0. 1. 0. 0. 0. 0. 0. 0. 0.]\n",
      " [0. 0. 0. 0. 0. 0. 0. 1. 0. 0. 0. 0.]\n",
      " [0. 0. 0. 0. 0. 0. 0. 0. 0. 1. 0. 0.]\n",
      " [0. 0. 1. 0. 0. 0. 0. 0. 0. 0. 0. 0.]\n",
      " [0. 0. 0. 0. 0. 0. 0. 0. 0. 0. 0. 1.]\n",
      " [0. 0. 0. 0. 0. 0. 1. 0. 0. 0. 0. 0.]\n",
      " [0. 0. 0. 1. 0. 0. 0. 0. 0. 0. 0. 0.]\n",
      " [1. 0. 0. 0. 0. 0. 0. 0. 0. 0. 0. 0.]]\n",
      "\n",
      "\n",
      "Mixed matrix\n",
      "[[0.83710089 0.         0.23365327 0.6804836  0.         0.\n",
      "  0.6355084  0.         0.         0.         0.         0.46780073]\n",
      " [0.         0.76225534 0.         0.         0.         0.\n",
      "  0.         0.         0.66459518 0.         0.62405338 0.        ]\n",
      " [0.23365327 0.         0.85815308 0.35854191 0.         0.\n",
      "  0.55509707 0.         0.         0.         0.         0.81290389]\n",
      " [0.6804836  0.         0.35854191 0.95208513 0.         0.\n",
      "  0.72661789 0.         0.         0.         0.         0.61977544]\n",
      " [0.         0.         0.         0.         0.8912094  0.76941964\n",
      "  0.         0.79142436 0.         0.43156647 0.         0.        ]\n",
      " [0.         0.         0.         0.         0.76941964 0.90347076\n",
      "  0.         0.56774409 0.         0.29921992 0.         0.        ]\n",
      " [0.6355084  0.         0.55509707 0.72661789 0.         0.\n",
      "  0.99491544 0.         0.         0.         0.         0.7709794 ]\n",
      " [0.         0.         0.         0.         0.79142436 0.56774409\n",
      "  0.         0.92171288 0.         0.61538187 0.         0.        ]\n",
      " [0.         0.66459518 0.         0.         0.         0.\n",
      "  0.         0.         0.85125914 0.         0.33567064 0.        ]\n",
      " [0.         0.         0.         0.         0.43156647 0.29921992\n",
      "  0.         0.61538187 0.         0.97386769 0.         0.        ]\n",
      " [0.         0.62405338 0.         0.         0.         0.\n",
      "  0.         0.         0.33567064 0.         0.9458449  0.        ]\n",
      " [0.46780073 0.         0.81290389 0.61977544 0.         0.\n",
      "  0.7709794  0.         0.         0.         0.         0.89653345]]\n",
      "\n",
      "\n",
      "Given random block matrix:\n",
      "[[0.8062853  0.64626823 0.42407891 0.         0.         0.\n",
      "  0.         0.         0.         0.         0.         0.\n",
      "  0.        ]\n",
      " [0.64626823 0.99804124 0.65638365 0.         0.         0.\n",
      "  0.         0.         0.         0.         0.         0.\n",
      "  0.        ]\n",
      " [0.42407891 0.65638365 0.88085956 0.         0.         0.\n",
      "  0.         0.         0.         0.         0.         0.\n",
      "  0.        ]\n",
      " [0.         0.         0.         0.91829993 0.78798724 0.41050215\n",
      "  0.38394307 0.         0.         0.         0.         0.\n",
      "  0.        ]\n",
      " [0.         0.         0.         0.78798724 0.84691499 0.64686926\n",
      "  0.57542887 0.         0.         0.         0.         0.\n",
      "  0.        ]\n",
      " [0.         0.         0.         0.41050215 0.64686926 0.95983406\n",
      "  0.7350368  0.         0.         0.         0.         0.\n",
      "  0.        ]\n",
      " [0.         0.         0.         0.38394307 0.57542887 0.7350368\n",
      "  0.91395254 0.         0.         0.         0.         0.\n",
      "  0.        ]\n",
      " [0.         0.         0.         0.         0.         0.\n",
      "  0.         0.94508353 0.78098163 0.57909781 0.48018829 0.40343048\n",
      "  0.2359067 ]\n",
      " [0.         0.         0.         0.         0.         0.\n",
      "  0.         0.78098163 0.96904896 0.73575947 0.58399785 0.52388385\n",
      "  0.41231494]\n",
      " [0.         0.         0.         0.         0.         0.\n",
      "  0.         0.57909781 0.73575947 0.94173048 0.79152856 0.69743134\n",
      "  0.50287849]\n",
      " [0.         0.         0.         0.         0.         0.\n",
      "  0.         0.48018829 0.58399785 0.79152856 0.92847158 0.78299915\n",
      "  0.59683586]\n",
      " [0.         0.         0.         0.         0.         0.\n",
      "  0.         0.40343048 0.52388385 0.69743134 0.78299915 0.99503192\n",
      "  0.71725043]\n",
      " [0.         0.         0.         0.         0.         0.\n",
      "  0.         0.2359067  0.41231494 0.50287849 0.59683586 0.71725043\n",
      "  0.95571076]]\n",
      "\n",
      "\n",
      "Random permutation matrix:\n",
      "[[0. 1. 0. 0. 0. 0. 0. 0. 0. 0. 0. 0. 0.]\n",
      " [0. 0. 0. 0. 0. 0. 1. 0. 0. 0. 0. 0. 0.]\n",
      " [0. 0. 0. 0. 0. 0. 0. 0. 0. 0. 1. 0. 0.]\n",
      " [0. 0. 0. 0. 0. 0. 0. 1. 0. 0. 0. 0. 0.]\n",
      " [0. 0. 0. 0. 0. 0. 0. 0. 0. 0. 0. 0. 1.]\n",
      " [1. 0. 0. 0. 0. 0. 0. 0. 0. 0. 0. 0. 0.]\n",
      " [0. 0. 0. 0. 0. 1. 0. 0. 0. 0. 0. 0. 0.]\n",
      " [0. 0. 1. 0. 0. 0. 0. 0. 0. 0. 0. 0. 0.]\n",
      " [0. 0. 0. 0. 1. 0. 0. 0. 0. 0. 0. 0. 0.]\n",
      " [0. 0. 0. 0. 0. 0. 0. 0. 1. 0. 0. 0. 0.]\n",
      " [0. 0. 0. 1. 0. 0. 0. 0. 0. 0. 0. 0. 0.]\n",
      " [0. 0. 0. 0. 0. 0. 0. 0. 0. 1. 0. 0. 0.]\n",
      " [0. 0. 0. 0. 0. 0. 0. 0. 0. 0. 0. 1. 0.]]\n",
      "\n",
      "\n",
      "Mixed matrix\n",
      "[[0.95983406 0.         0.         0.         0.         0.7350368\n",
      "  0.         0.41050215 0.         0.         0.         0.\n",
      "  0.64686926]\n",
      " [0.         0.8062853  0.         0.         0.         0.\n",
      "  0.64626823 0.         0.         0.         0.42407891 0.\n",
      "  0.        ]\n",
      " [0.         0.         0.94508353 0.48018829 0.78098163 0.\n",
      "  0.         0.         0.57909781 0.40343048 0.         0.2359067\n",
      "  0.        ]\n",
      " [0.         0.         0.48018829 0.92847158 0.58399785 0.\n",
      "  0.         0.         0.79152856 0.78299915 0.         0.59683586\n",
      "  0.        ]\n",
      " [0.         0.         0.78098163 0.58399785 0.96904896 0.\n",
      "  0.         0.         0.73575947 0.52388385 0.         0.41231494\n",
      "  0.        ]\n",
      " [0.7350368  0.         0.         0.         0.         0.91395254\n",
      "  0.         0.38394307 0.         0.         0.         0.\n",
      "  0.57542887]\n",
      " [0.         0.64626823 0.         0.         0.         0.\n",
      "  0.99804124 0.         0.         0.         0.65638365 0.\n",
      "  0.        ]\n",
      " [0.41050215 0.         0.         0.         0.         0.38394307\n",
      "  0.         0.91829993 0.         0.         0.         0.\n",
      "  0.78798724]\n",
      " [0.         0.         0.57909781 0.79152856 0.73575947 0.\n",
      "  0.         0.         0.94173048 0.69743134 0.         0.50287849\n",
      "  0.        ]\n",
      " [0.         0.         0.40343048 0.78299915 0.52388385 0.\n",
      "  0.         0.         0.69743134 0.99503192 0.         0.71725043\n",
      "  0.        ]\n",
      " [0.         0.42407891 0.         0.         0.         0.\n",
      "  0.65638365 0.         0.         0.         0.88085956 0.\n",
      "  0.        ]\n",
      " [0.         0.         0.2359067  0.59683586 0.41231494 0.\n",
      "  0.         0.         0.50287849 0.71725043 0.         0.95571076\n",
      "  0.        ]\n",
      " [0.64686926 0.         0.         0.         0.         0.57542887\n",
      "  0.         0.78798724 0.         0.         0.         0.\n",
      "  0.84691499]]\n",
      "\n",
      "\n",
      "Given random block matrix:\n",
      "[[0.99882274 0.65838837 0.27442351 0.         0.         0.\n",
      "  0.         0.         0.         0.         0.         0.\n",
      "  0.        ]\n",
      " [0.65838837 0.94017372 0.65970332 0.         0.         0.\n",
      "  0.         0.         0.         0.         0.         0.\n",
      "  0.        ]\n",
      " [0.27442351 0.65970332 0.97036809 0.         0.         0.\n",
      "  0.         0.         0.         0.         0.         0.\n",
      "  0.        ]\n",
      " [0.         0.         0.         0.9531802  0.67158788 0.6140502\n",
      "  0.46056806 0.26624261 0.         0.         0.         0.\n",
      "  0.        ]\n",
      " [0.         0.         0.         0.67158788 0.85670117 0.75633344\n",
      "  0.54014985 0.38301431 0.         0.         0.         0.\n",
      "  0.        ]\n",
      " [0.         0.         0.         0.6140502  0.75633344 0.87288109\n",
      "  0.78672582 0.58542159 0.         0.         0.         0.\n",
      "  0.        ]\n",
      " [0.         0.         0.         0.46056806 0.54014985 0.78672582\n",
      "  0.86612149 0.73993001 0.         0.         0.         0.\n",
      "  0.        ]\n",
      " [0.         0.         0.         0.26624261 0.38301431 0.58542159\n",
      "  0.73993001 0.97353702 0.         0.         0.         0.\n",
      "  0.        ]\n",
      " [0.         0.         0.         0.         0.         0.\n",
      "  0.         0.         0.85358812 0.67645099 0.62043349 0.39417676\n",
      "  0.19997747]\n",
      " [0.         0.         0.         0.         0.         0.\n",
      "  0.         0.         0.67645099 0.8456981  0.75546614 0.50591011\n",
      "  0.45355397]\n",
      " [0.         0.         0.         0.         0.         0.\n",
      "  0.         0.         0.62043349 0.75546614 0.95965645 0.71704836\n",
      "  0.572566  ]\n",
      " [0.         0.         0.         0.         0.         0.\n",
      "  0.         0.         0.39417676 0.50591011 0.71704836 0.8416618\n",
      "  0.81843688]\n",
      " [0.         0.         0.         0.         0.         0.\n",
      "  0.         0.         0.19997747 0.45355397 0.572566   0.81843688\n",
      "  0.86776606]]\n",
      "\n",
      "\n",
      "Random permutation matrix:\n",
      "[[0. 0. 0. 0. 0. 0. 0. 0. 0. 0. 1. 0. 0.]\n",
      " [0. 1. 0. 0. 0. 0. 0. 0. 0. 0. 0. 0. 0.]\n",
      " [0. 0. 1. 0. 0. 0. 0. 0. 0. 0. 0. 0. 0.]\n",
      " [0. 0. 0. 0. 0. 0. 0. 0. 0. 0. 0. 1. 0.]\n",
      " [0. 0. 0. 0. 0. 0. 0. 1. 0. 0. 0. 0. 0.]\n",
      " [0. 0. 0. 0. 0. 0. 0. 0. 0. 1. 0. 0. 0.]\n",
      " [0. 0. 0. 0. 0. 0. 1. 0. 0. 0. 0. 0. 0.]\n",
      " [0. 0. 0. 0. 1. 0. 0. 0. 0. 0. 0. 0. 0.]\n",
      " [0. 0. 0. 0. 0. 0. 0. 0. 1. 0. 0. 0. 0.]\n",
      " [0. 0. 0. 0. 0. 0. 0. 0. 0. 0. 0. 0. 1.]\n",
      " [0. 0. 0. 1. 0. 0. 0. 0. 0. 0. 0. 0. 0.]\n",
      " [0. 0. 0. 0. 0. 1. 0. 0. 0. 0. 0. 0. 0.]\n",
      " [1. 0. 0. 0. 0. 0. 0. 0. 0. 0. 0. 0. 0.]]\n",
      "\n",
      "\n",
      "Mixed matrix\n",
      "[[0.86776606 0.         0.         0.572566   0.         0.81843688\n",
      "  0.         0.         0.19997747 0.         0.         0.\n",
      "  0.45355397]\n",
      " [0.         0.94017372 0.65970332 0.         0.         0.\n",
      "  0.         0.         0.         0.         0.65838837 0.\n",
      "  0.        ]\n",
      " [0.         0.65970332 0.97036809 0.         0.         0.\n",
      "  0.         0.         0.         0.         0.27442351 0.\n",
      "  0.        ]\n",
      " [0.572566   0.         0.         0.95965645 0.         0.71704836\n",
      "  0.         0.         0.62043349 0.         0.         0.\n",
      "  0.75546614]\n",
      " [0.         0.         0.         0.         0.97353702 0.\n",
      "  0.73993001 0.38301431 0.         0.58542159 0.         0.26624261\n",
      "  0.        ]\n",
      " [0.81843688 0.         0.         0.71704836 0.         0.8416618\n",
      "  0.         0.         0.39417676 0.         0.         0.\n",
      "  0.50591011]\n",
      " [0.         0.         0.         0.         0.73993001 0.\n",
      "  0.86612149 0.54014985 0.         0.78672582 0.         0.46056806\n",
      "  0.        ]\n",
      " [0.         0.         0.         0.         0.38301431 0.\n",
      "  0.54014985 0.85670117 0.         0.75633344 0.         0.67158788\n",
      "  0.        ]\n",
      " [0.19997747 0.         0.         0.62043349 0.         0.39417676\n",
      "  0.         0.         0.85358812 0.         0.         0.\n",
      "  0.67645099]\n",
      " [0.         0.         0.         0.         0.58542159 0.\n",
      "  0.78672582 0.75633344 0.         0.87288109 0.         0.6140502\n",
      "  0.        ]\n",
      " [0.         0.65838837 0.27442351 0.         0.         0.\n",
      "  0.         0.         0.         0.         0.99882274 0.\n",
      "  0.        ]\n",
      " [0.         0.         0.         0.         0.26624261 0.\n",
      "  0.46056806 0.67158788 0.         0.6140502  0.         0.9531802\n",
      "  0.        ]\n",
      " [0.45355397 0.         0.         0.75546614 0.         0.50591011\n",
      "  0.         0.         0.67645099 0.         0.         0.\n",
      "  0.8456981 ]]\n",
      "\n",
      "\n",
      "Given random block matrix:\n",
      "[[0.85582531 0.50455073 0.38674735 0.         0.         0.\n",
      "  0.         0.         0.         0.         0.         0.\n",
      "  0.         0.        ]\n",
      " [0.50455073 0.82951322 0.57618049 0.         0.         0.\n",
      "  0.         0.         0.         0.         0.         0.\n",
      "  0.         0.        ]\n",
      " [0.38674735 0.57618049 0.98636332 0.         0.         0.\n",
      "  0.         0.         0.         0.         0.         0.\n",
      "  0.         0.        ]\n",
      " [0.         0.         0.         0.94369582 0.74154634 0.62069908\n",
      "  0.40580169 0.18818298 0.         0.         0.         0.\n",
      "  0.         0.        ]\n",
      " [0.         0.         0.         0.74154634 0.84579036 0.78279162\n",
      "  0.57079188 0.49991449 0.         0.         0.         0.\n",
      "  0.         0.        ]\n",
      " [0.         0.         0.         0.62069908 0.78279162 0.84904361\n",
      "  0.80807099 0.65923851 0.         0.         0.         0.\n",
      "  0.         0.        ]\n",
      " [0.         0.         0.         0.40580169 0.57079188 0.80807099\n",
      "  0.91418929 0.67001079 0.         0.         0.         0.\n",
      "  0.         0.        ]\n",
      " [0.         0.         0.         0.18818298 0.49991449 0.65923851\n",
      "  0.67001079 0.91773091 0.         0.         0.         0.\n",
      "  0.         0.        ]\n",
      " [0.         0.         0.         0.         0.         0.\n",
      "  0.         0.         0.88687316 0.84966513 0.70890514 0.54940657\n",
      "  0.33531173 0.18410441]\n",
      " [0.         0.         0.         0.         0.         0.\n",
      "  0.         0.         0.84966513 0.99558556 0.85237255 0.62805426\n",
      "  0.49467555 0.40161844]\n",
      " [0.         0.         0.         0.         0.         0.\n",
      "  0.         0.         0.70890514 0.85237255 0.9721707  0.78821027\n",
      "  0.65407313 0.46607656]\n",
      " [0.         0.         0.         0.         0.         0.\n",
      "  0.         0.         0.54940657 0.62805426 0.78821027 0.96885345\n",
      "  0.77467651 0.66322318]\n",
      " [0.         0.         0.         0.         0.         0.\n",
      "  0.         0.         0.33531173 0.49467555 0.65407313 0.77467651\n",
      "  0.91193559 0.84640841]\n",
      " [0.         0.         0.         0.         0.         0.\n",
      "  0.         0.         0.18410441 0.40161844 0.46607656 0.66322318\n",
      "  0.84640841 0.91161563]]\n",
      "\n",
      "\n",
      "Random permutation matrix:\n",
      "[[0. 0. 0. 0. 0. 0. 0. 0. 0. 0. 0. 0. 0. 1.]\n",
      " [0. 0. 0. 0. 0. 0. 0. 1. 0. 0. 0. 0. 0. 0.]\n",
      " [0. 0. 0. 0. 0. 0. 0. 0. 0. 1. 0. 0. 0. 0.]\n",
      " [0. 0. 0. 0. 0. 0. 0. 0. 1. 0. 0. 0. 0. 0.]\n",
      " [0. 0. 0. 1. 0. 0. 0. 0. 0. 0. 0. 0. 0. 0.]\n",
      " [0. 0. 0. 0. 0. 0. 0. 0. 0. 0. 1. 0. 0. 0.]\n",
      " [0. 0. 0. 0. 0. 0. 0. 0. 0. 0. 0. 1. 0. 0.]\n",
      " [1. 0. 0. 0. 0. 0. 0. 0. 0. 0. 0. 0. 0. 0.]\n",
      " [0. 0. 0. 0. 0. 0. 0. 0. 0. 0. 0. 0. 1. 0.]\n",
      " [0. 0. 0. 0. 0. 0. 1. 0. 0. 0. 0. 0. 0. 0.]\n",
      " [0. 0. 0. 0. 0. 1. 0. 0. 0. 0. 0. 0. 0. 0.]\n",
      " [0. 0. 1. 0. 0. 0. 0. 0. 0. 0. 0. 0. 0. 0.]\n",
      " [0. 1. 0. 0. 0. 0. 0. 0. 0. 0. 0. 0. 0. 0.]\n",
      " [0. 0. 0. 0. 1. 0. 0. 0. 0. 0. 0. 0. 0. 0.]]\n",
      "\n",
      "\n",
      "Mixed matrix\n",
      "[[0.91773091 0.         0.         0.49991449 0.         0.\n",
      "  0.         0.         0.18818298 0.         0.65923851 0.67001079\n",
      "  0.         0.        ]\n",
      " [0.         0.91193559 0.77467651 0.         0.84640841 0.65407313\n",
      "  0.49467555 0.         0.         0.         0.         0.\n",
      "  0.33531173 0.        ]\n",
      " [0.         0.77467651 0.96885345 0.         0.66322318 0.78821027\n",
      "  0.62805426 0.         0.         0.         0.         0.\n",
      "  0.54940657 0.        ]\n",
      " [0.49991449 0.         0.         0.84579036 0.         0.\n",
      "  0.         0.         0.74154634 0.         0.78279162 0.57079188\n",
      "  0.         0.        ]\n",
      " [0.         0.84640841 0.66322318 0.         0.91161563 0.46607656\n",
      "  0.40161844 0.         0.         0.         0.         0.\n",
      "  0.18410441 0.        ]\n",
      " [0.         0.65407313 0.78821027 0.         0.46607656 0.9721707\n",
      "  0.85237255 0.         0.         0.         0.         0.\n",
      "  0.70890514 0.        ]\n",
      " [0.         0.49467555 0.62805426 0.         0.40161844 0.85237255\n",
      "  0.99558556 0.         0.         0.         0.         0.\n",
      "  0.84966513 0.        ]\n",
      " [0.         0.         0.         0.         0.         0.\n",
      "  0.         0.82951322 0.         0.57618049 0.         0.\n",
      "  0.         0.50455073]\n",
      " [0.18818298 0.         0.         0.74154634 0.         0.\n",
      "  0.         0.         0.94369582 0.         0.62069908 0.40580169\n",
      "  0.         0.        ]\n",
      " [0.         0.         0.         0.         0.         0.\n",
      "  0.         0.57618049 0.         0.98636332 0.         0.\n",
      "  0.         0.38674735]\n",
      " [0.65923851 0.         0.         0.78279162 0.         0.\n",
      "  0.         0.         0.62069908 0.         0.84904361 0.80807099\n",
      "  0.         0.        ]\n",
      " [0.67001079 0.         0.         0.57079188 0.         0.\n",
      "  0.         0.         0.40580169 0.         0.80807099 0.91418929\n",
      "  0.         0.        ]\n",
