0.03292296539977596,0.002923553979271102,-0.010281092942559389,0.00840761836539453,0.008143087755789187,-0.0002655919383824339,0.002163320180712055,-0.004369868550299819,0.005177808407439239,0.013897304560798683,0.004184675640269705,-0.003703441616430708,-0.006359427555589899,-0.0025358349450893577,0.0031716409862590127,0.007803462281539217,0.0066022055331402575,0.009215770847633642,0.0007096636637726799,0.006703136841691539,-0.006085015825404351,0.0002490396402501433,0.003917701769089175,0.003161561369309806,0.01870505018127146,-0.005245570777525388,0.017684099094868844,0.015057658933488429,-0.00039147014700821755,-0.000320492887739536,0.002724328358998258,0.0014537551801209823,-0.00441066390362577,0.0008048171442033604,-0.0018746557716387067,0.0032093388976191617,-0.0003720908884979804,0.001516460251834649,0.013411340898712562,0.008857876145741997,0.004720928627537187,0.009055181671714353,0.0066913430633076835,0.005289470405383218,-0.0022391172428578208,0.006610365681832219,0.008108850032978152,0.010356033521755827,0.0017992295610272829,0.012691690173553774,-0.0006547059325184117,0.016656487075987467,0.0013498460540675849,-0.0014751743006577638,-0.0030908747081708292,0.006767441748364661,0.004091631097602708,0.005254170631918502
0.002923553979271102,0.06599211058469417,0.049361956981037076,0.018961149911956618,0.02808135438112325,0.0284382841793024,0.013563754127357922,0.03867473203205545,0.012069093817472216,0.024704015426430123,0.012177395077762075,0.004218583160615826,0.01466718507986328,0.01356861991573563,0.024599925622670167,0.022019161738601738,0.022090790428851707,0.013346218565153237,0.01379341342884839,0.02073501241711426,0.02825180117059067,0.030887037545092068,0.03980017438365674,0.0349523332677218,0.011561284185321909,0.029234266467552686,0.014022999430987159,0.014620190283378097,0.010793290511567234,0.029395931552710655,0.007877356935001268,0.011669987554867157,0.02312698200467107,0.034826324587990586,0.020576844049852744,0.023451881742826797,0.028631277193306392,0.016548398031594542,0.007198361540915913,0.015318995972043342,0.02139140863690931,0.030671851852647047,0.022962082161677187,0.009983920297743296,0.029507234229711195,0.013725714417385624,0.01752908069827416,0.019272547961505064,0.022761910610329263,0.020495324976085895,0.00036144662746488693,0.012792383778128757,0.03202295004525311,0.024980812087575938,0.025632424694609378,0.022289053442362903,0.006541046040983191,0.011889256358027496
-0.010281092942559389,0.049361956981037076,0.31520229806116984,0.04329463419875014,0.07302656078104014,0.06208086435237312,0.037002066604874484,0.08604985382191382,0.03497239362837467,0.049313671405889485,0.03583171719576866,0.04437633253921626,0.0861244243817657,0.07709705263999764,0.04456407565584649,0.0353012769613709,0.03619494909008576,0.023434926037027994,0.04323723216461241,0.041845942331509324,0.07653329527574601,0.06648249066131053,0.11159305968842562,0.08072684258260546,0.02635560365467592,0.10887976959414283,0.008721094737016688,0.01668226824319026,0.0317947605542671,0.06325783093197065,0.016182946229157433,0.024193833803378934,0.06253389759828824,0.08434496664977259,0.05107422084924039,0.03947092322151495,0.10142925200841357,0.04965685606095165,0.003246204994193198,0.03341494195689195,0.04699303746456424,0.0682394117933415,0.03404877262877992,0.019100417531284546,0.06620346920770608,0.03452027616145185,0.03034907909260524,0.03294282784013246,0.04659880594322507,0.03982464318744414,-0.000923536945953835,0.012263784587899002,0.18556199093272335,0.07096439937074324,0.056736968265146195,0.06900003486022105,0.008560113892673379,-0.00893815299847723
0.00840761836539453,0.018961149911956618,0.04329463419875014,0.2403196887447167,0.036447103125626414,0.01593270261059773,0.009423458260378173,0.01806184194228017,0.017559414401866737,0.03356717559918434,0.015225893176628794,0.03950472589789401,0.024969068477540417,0.04676107353103189,0.015523233589870063,0.03875041434669637,0.02488688436035378,0.014991297867484888,0.005700462007796206,0.047311513106251306,0.024976641677069398,0.019090791454150227,0.04870818256095855,0.0320356061433979,0.022751072462569973,0.021481012536493666,0.010572491529717662,0.02021968732842464,0.006090488601949471,0.017007474365947618,0.000692300643482815,-0.0028123709857243175,0.02225754566187812,0.037256923266147636,0.014842294253836109,0.015965889679433475,0.013233595936015911,0.01742576699395885,0.007714158415935399,0.018180028805046357,0.024394968710558684,0.009193580251614845,0.01319824381467308,0.00736532447782539,0.012438959691443046,0.011394527120252804,0.020890587870622018,0.012018567699651725,0.018303707103998052,0.011388400676919583,0.0017602924472156778,0.014282184158932409,0.07794850878071918,0.028470743845000836,0.017810899190937098,0.03494431748999876,0.008865342115165452,0.05230458597087267
0.008143087755789187,0.02808135438112325,0.07302656078104014,0.036447103125626414,0.18842231174891316,0.03761533569708878,0.02709162859672243,0.005387900005859502,0.033204703545528874,0.04574072256687218,0.033534702714517174,0.020771952270151408,0.04783821771306275,0.05138277858615046,0.03044372913178047,0.05179423367221106,0.04419526491580231,0.02577592631390384,0.030572138624559143,0.05165197077719924,0.06957196848253454,0.049427748625140336,0.08582039255118161,0.09853812212077459,0.02981744612256013,0.0663719350331371,0.02541271971436168,0.031245919707793026,0.016333656048942307,0.05837168227186512,0.00940670696853006,0.019627912553342744,0.04109317532318611,0.05775050216651811,0.03647854889936008,0.04773037905041211,0.034810444128920814,0.043579804648107415,0.024924551043942235,0.043014836550271475,0.047110814014226156,0.04651310373829532,0.04360285012928938,0.027980822263145282,0.04341065484550554,0.02964180861619242,0.03650734162560716,0.032552651381634407,0.028578190787051684,0.04679269138560053,0.008467992682165098,0.02829678895013566,0.12012774031440733,0.055975410016244155,0.03177471498417585,0.055322129664582546,0.014676235729063665,0.03425486588259758
-0.0002655919383824339,0.0284382841793024,0.06208086435237312,0.01593270261059773,0.03761533569708878,0.05998505947002327,0.02802158331182953,0.046385177880908006,0.01775970761624001,0.032014458401335155,0.024253511126251643,0.023261421752704223,0.03650297245483082,0.02972279560304409,0.03705574071863312,0.031275013934226124,0.03223547050049765,0.025881381626492155,0.031031997305369582,0.02060056219650456,0.054374912161466275,0.054554568131107435,0.07801835230229597,0.05499082206814905,0.013747575011014253,0.05490202738419266,0.01090007657794033,0.014438708267616137,0.024072531579132233,0.04649159654192259,0.008528555276918709,0.0104543268006982,0.034389588379179485,0.05701837309376874,0.03359412815934368,0.03783870407321899,0.04484101117643068,0.03128788206661969,0.008304321651362082,0.023781037599371564,0.029763674153713445,0.021357567154498557,0.03207842775416983,0.01548202538067082,0.04904315284464874,0.01806235348328526,0.022235967700782552,0.023557627095367135,0.03232519184491381,0.02511611983460048,0.0012466929155734296,0.011244964779448332,0.08355880951936907,0.045767720119385645,0.04961226262464754,0.03586248282672654,0.005545444952741648,0.0028668296507412647
0.002163320180712055,0.013563754127357922,0.037002066604874484,0.009423458260378173,0.02709162859672243,0.02802158331182953,0.06261388655787564,0.018298929622096522,0.011798535149955013,0.019063763752803716,0.01807808567900659,0.006743789255533789,0.037294898079531784,0.023688566102967934,0.02418005087153096,0.021013204333363678,0.023078807123148977,0.019965269702404972,0.02805692171576556,0.023753627305651184,0.0378718811454236,0.028098046377166827,0.022767996112164107,0.03721227973305155,0.009460296238394186,0.018214135881901693,0.010527365010677301,0.01424527146685252,0.028727666107610177,0.030036699942957257,0.004499701383610046,0.0034244882011355065,0.024174549337002645,0.02816746260078665,0.018823267252096095,0.02905553284829645,0.021781865406451533,0.029890168383312304,0.007446967423277097,0.017325338007120467,0.01941467719788486,0.02705779105268814,0.0177408113835129,0.012853449725794195,0.031298057889060114,0.015762041601893175,0.018429677703405763,0.016186599471783147,0.0233849044671046,0.015797039083197125,0.0024093993853200723,0.011504389159677058,0.051590699004813834,0.032156302301176734,0.03160115095333123,0.03029141925611806,0.001192614385976565,0.001258564457080613
-0.004369868550299819,0.03867473203205545,0.08604985382191382,0.01806184194228017,0.005387900005859502,0.046385177880908006,0.018298929622096522,0.16177815265378415,0.020939253525409155,0.028981588990133124,0.023956259081973796,0.049614247345698456,0.03842439222186863,0.04388636017862733,0.027058432156630244,0.021477572022266866,0.026534895008842978,0.011999265796599675,0.020767971639443657,0.023907887912442458,0.06714992582323423,0.05860479953982435,0.1005429000386913,0.044545387116923955,0.01910241937154794,0.09307022038197077,0.011131598663963457,0.008818936483524496,0.018522682100670807,0.046281260974282416,0.009662155670017667,0.020578033077739505,0.060428928462475766,0.058159383204101314,0.03151169561189446,0.03306742254622322,0.08092990501647881,0.021822028296206417,0.007502023681438942,0.011790303221280744,0.0289889542563342,0.019765678091206922,0.03559495539607328,0.011339607043775261,0.04519188779047331,0.017940527846954116,0.02179023546245683,0.02457454477283315,0.02445844842288566,0.027085434629162932,0.0007551936620233243,0.01240297837965195,0.12496954879680623,0.0446026028189754,0.04284865656971634,0.031951461262066286,-0.0019055593290337694,-0.007999126019314053
0.005177808407439239,0.012069093817472216,0.03497239362837467,0.017559414401866737,0.033204703545528874,0.01775970761624001,0.011798535149955013,0.020939253525409155,0.07016619787040085,0.014056408193672102,0.015108870868241989,0.011202027853419304,0.011768540753347713,0.017274036542458644,0.011151401876097785,0.01102678442183186,0.01751068936644476,0.010504845439613794,0.0117960019014005,0.023265895891459137,0.027691899599945058,0.026654922623180383,0.04540037938134312,0.036266057149103643,0.007980000481243157,0.05269590323700645,0.007336999469922851,0.00996466659708778,0.010765874110854667,0.029748650360921107,0.004024017364428857,0.005927272677429477,0.028419260915466555,0.026485965443250332,0.019291978880837293,0.018502990323347953,0.024442639775258755,0.01654603030549046,0.005241833931308455,0.013240023788202214,0.02360619473460634,0.021237908383381878,0.01528973542681241,0.01257150893734682,0.01355022599823217,0.011855158283563566,0.011607272686797105,0.0147181524584251,0.012865844212169911,0.025712356059689464,-0.00020536189510406957,0.006552891060455447,0.059882722937629584,0.025560656238557727,0.01596140995110514,0.02938672710993207,0.002115961264637424,0.017689850007893842
0.013897304560798683,0.024704015426430123,0.049313671405889485,0.03356717559918434,0.04574072256687218,0.032014458401335155,0.019063763752803716,0.028981588990133124,0.014056408193672102,0.08231594325719165,0.022772633818468124,0.00646332616907591,0.021396997133059432,0.024296925124613716,0.022099800046516405,0.04533022712174122,0.03132436880953935,0.026075175305963982,0.01575130711263104,0.03053444507882969,0.030357862702853455,0.037659882317557326,0.07473507202835258,0.0533881889758421,0.03173610247941201,0.036723529265501584,0.02262248798301715,0.022473454664418777,0.016144652768446212,0.03550399636278747,0.010657303539499665,0.01562584243672196,0.021094933466395047,0.044280751111723596,0.020365638548930858,0.03158091645156755,0.03778793439741506,0.03444642310037698,0.020892756544656554,0.03951047258816119,0.027010874463926995,0.03205496883182118,0.024574050244187583,0.01613129472210473,0.0309840402218911,0.019758211600713515,0.022784396745023666,0.02320550155982242,0.018316026088613848,0.02556267382663208,0.0024198570693050965,0.02241616677886561,0.07352849379643636,0.04107732126286041,0.026465003982280386,0.0396098735694634,0.010559283748874167,0.013186346956764027
0.004184675640269705,0.012177395077762075,0.03583171719576866,0.015225893176628794,0.033534702714517174,0.024253511126251643,0.01807808567900659,0.023956259081973796,0.015108870868241989,0.022772633818468124,0.05159379828990352,0.006215237192621383,0.02606937045527213,0.022491466885527004,0.018712253785574107,0.025284539816775125,0.01749733010441532,0.012489346939017352,0.01365588572267455,0.029608852873392644,0.029886951655658082,0.03178826674639385,0.05032736242314089,0.044824327177160096,0.01371669671185126,0.04577454845371397,0.010916338399316642,0.014834587725425894,0.010456409939578758,0.02551872315958023,0.004545523332165152,0.006003178426707079,0.021420063809070206,0.033067621929472005,0.009890769041188154,0.025240646495288076,0.022475045642023756,0.02265316325205545,0.011095769869486448,0.01825496878184902,0.0206078930584563,0.02451538447157617,0.015810395457981855,0.0152770677716781,0.02726655443619509,0.016549710354525758,0.020294288079789648,0.019765855516415083,0.014593669091674952,0.019641470989129405,0.006771155083848874,0.010155035049193704,0.047287248931979387,0.04075877159825439,0.020989705456073822,0.02186803716614062,0.00659129868531534,0.003380963322034568
-0.003703441616430708,0.004218583160615826,0.04437633253921626,0.03950472589789401,0.020771952270151408,0.023261421752704223,0.006743789255533789,0.049614247345698456,0.011202027853419304,0.00646332616907591,0.006215237192621383,0.3956523452617769,0.029789060468352047,0.046809590744221766,0.024121022897146932,0.03173188032992228,0.029284735953731707,-0.006165851238883407,0.012908102876807367,0.018990653577017413,0.07052115004881009,0.018993974207227277,0.0633242566893674,0.06160603970165999,0.0102211617204178,0.03776524066780773,0.003951325221788716,0.00795415738954642,0.021989148035208593,0.023316960995878128,0.011140576567103235,0.010879194438046072,0.02673601965026257,0.035772558810834965,0.019882557919833555,0.017960022683884358,0.030725738811622185,0.004373238560598455,0.003987084634075677,0.009578183775879733,0.016958898500209953,-0.008234972828255157,0.034839935614336036,0.01688074768158524,0.013207070611502366,0.007755807915185969,0.013887564148139719,0.01729684995786971,0.020135119409013164,0.018854244329055792,0.0031318509745195057,0.0007934301551871946,0.08369251404740057,0.028666726737228348,0.00853590853720318,0.03785151712859636,0.005678118582112123,0.04618398166944552
-0.006359427555589899,0.01466718507986328,0.0861244243817657,0.024969068477540417,0.04783821771306275,0.03650297245483082,0.037294898079531784,0.03842439222186863,0.011768540753347713,0.021396997133059432,0.02606937045527213,0.029789060468352047,0.28791116054002713,0.053159106705953266,0.021762529752134715,0.035259120742441835,0.03662595379823259,0.017434821190105393,0.02152675204588252,0.028313973594840187,0.0821361534102437,0.037641258613076586,0.06134708362344646,0.06553029142113441,0.01875399232464321,0.0651449140481516,0.007462845192206116,0.015559436036188548,0.032072511341800114,0.057269188595083315,0.005632440365653398,9.506372896805338e-05,0.06504957398161945,0.025952517142362914,0.01913266076605949,0.04274273938811766,0.048355450169865186,0.04820236125182368,0.014934055351032594,0.02038893616708316,0.018521252697169338,0.029262727711504604,0.04547973062509421,0.013512707714971555,0.040114882299091464,0.020587541346786177,0.022211385613406354,0.023037446580312676,0.029257255698371905,0.0229442303363127,0.0156018178149298,0.01060199416825387,0.09919137249958628,0.06396216447683536,0.03302069076948327,0.057514655292411905,0.0042505863161248335,0.0431919295900701
-0.0025358349450893577,0.01356861991573563,0.07709705263999764,0.04676107353103189,0.05138277858615046,0.02972279560304409,0.023688566102967934,0.04388636017862733,0.017274036542458644,0.024296925124613716,0.022491466885527004,0.046809590744221766,0.053159106705953266,0.4506764413608807,0.02171497734763687,0.048494379195464114,0.03521223301730918,0.025745915023856276,0.0028054296133252186,0.06658607805052659,0.03818101934537344,0.0329808004232397,0.08070132097854492,0.06109977674903844,0.0165222620529844,0.060229131041246796,0.01780912381906393,0.01722400125821922,0.019088163129533493,0.03307528806230546,0.005589758411887659,0.004439043862385626,0.049751797255622794,0.03461229460300868,0.015636588088578922,0.02011023011013685,0.025328972426649228,0.04231893640822898,0.005968485449677111,0.036286891124375636,0.03082076878061439,0.004060904245310813,0.02630996870069948,0.017324012225899518,0.026965067829876063,0.01429429396041165,0.02450781432626136,0.0146090389246218,0.023045936367399024,0.021968378603064442,-0.0002569594346216674,0.013308868859323236,0.15247970660390153,0.07356993726771695,0.02277822069356944,0.05828474753006886,0.0008075825975716216,-0.011098322889383033
0.0031716409862590127,0.024599925622670167,0.04456407565584649,0.015523233589870063,0.03044372913178047,0.03705574071863312,0.02418005087153096,0.027058432156630244,0.011151401876097785,0.022099800046516405,0.018712253785574107,0.024121022897146932,0.021762529752134715,0.02171497734763687,0.056209269971929744,0.01670912960016526,0.029824394773608986,0.020032425309855814,0.02813503275402319,0.018824253765114936,0.04544164188769539,0.0403864000327793,0.03498313122499413,0.041216808457195026,0.01174325777655882,0.030482084534283915,0.010390182144933001,0.011880521527954838,0.031074064806610607,0.03439475267106636,0.007668502003407105,0.00987542426713514,0.018504327995404954,0.04086448118805707,0.026926565661756174,0.028592008120361986,0.029092380186065626,0.024271696062334317,0.00888420370936716,0.014976029650924939,0.019780980356945893,0.02031835525609921,0.022309472581906013,0.011915918334000384,0.0408251617595531,0.01772994401065042,0.017722788298562258,0.02129666462261211,0.029808568521429712,0.026085559658212937,-0.000830163993206134,0.01280952166886122,0.04775454289664312,0.028960775603128958,0.03892332119970707,0.024416918867042493,0.005587999284430074,0.010424178382185938
0.007803462281539217,0.022019161738601738,0.0353012769613709,0.03875041434669637,0.05179423367221106,0.031275013934226124,0.021013204333363678,0.021477572022266866,0.01102678442183186,0.04533022712174122,0.025284539816775125,0.03173188032992228,0.035259120742441835,0.048494379195464114,0.01670912960016526,0.19443436982071563,0.04064051692445684,0.021110905603740075,0.015543682696863577,0.046045636615516486,0.02036264647760907,0.037564156505179046,0.06900543496169777,0.07252088737556601,0.0181748786135791,0.04308826847164068,0.012081154659817895,0.012572820131998072,0.02081305352084907,0.04107351710111914,0.0035557449496249984,0.006661090565080418,0.0331870582439134,0.04599610506806279,0.013927685758073122,0.039847042001421994,0.029554328350432247,0.03474795160464653,0.010078492724922943,0.044663256284788316,0.04106549997341821,0.037997417235494615,0.03596461020130392,0.017626847157163523,0.019544779523264746,0.018846071415477436,0.02802302539347046,0.012995463063916298,0.011089473121692343,0.021875606648097956,0.001685767468789936,0.006972871735305782,0.10617219669057867,0.04443572080385952,0.024946840144810616,0.04687945103523271,0.0002093529427535524,0.058799146517561
0.0066022055331402575,0.022090790428851707,0.03619494909008576,0.02488688436035378,0.04419526491580231,0.03223547050049765,0.023078807123148977,0.026534895008842978,0.01751068936644476,0.03132436880953935,0.01749733010441532,0.029284735953731707,0.03662595379823259,0.03521223301730918,0.029824394773608986,0.04064051692445684,0.11133873548802765,0.015912126616897265,0.018775874789054563,0.034087775200850066,0.03627516083111298,0.03407468077240236,0.04829144985849181,0.07383577504208848,0.021830530774690375,0.040569794824663885,0.013345054078872511,0.016899557150649003,0.04201816275536556,0.03568818004665971,0.0023788013726349783,0.002795783024762447,0.028215902657864608,0.03785745388172205,0.011740445024170546,0.036701018404978976,0.03181957996075626,0.05492089379588495,0.014556346412310283,0.028106329380325482,0.027066017215817667,0.04499822849114367,0.03348250381211347,0.026075758111625293,0.03903032719106953,0.019074833898731755,0.029097891154324367,0.01985499934207615,0.02429335113633607,0.041764618982093264,-0.005303848550613901,0.020918121084541563,0.06237483846063389,0.05754261127919583,0.026377180009803266,0.04910411587922234,0.005188041175495654,0.027798765690572387
0.009215770847633642,0.013346218565153237,0.023434926037027994,0.014991297867484888,0.02577592631390384,0.025881381626492155,0.019965269702404972,0.011999265796599675,0.010504845439613794,0.026075175305963982,0.012489346939017352,-0.006165851238883407,0.017434821190105393,0.025745915023856276,0.020032425309855814,0.021110905603740075,0.015912126616897265,0.09153778882188437,0.008944784847757714,0.011926097208313275,0.03560968348565189,0.03556994721390808,0.02860957711901173,0.036831162161045886,0.021575394953545518,0.036093011801246994,0.015659973636757363,0.014980599877271477,0.020816333460077233,0.018652887657525086,0.008476534189776697,0.013059660945027928,0.024891256875181872,0.027283486074558893,0.02266278150583529,0.019356656313983277,0.04124840687965981,0.015867599761867746,0.012011983330730568,0.0061744318305088875,0.020236045166415136,0.024719582517422782,0.01950062681946142,0.014398689729697527,0.021321052868467374,0.014807572436789327,0.01769616622817509,0.016963376943478593,0.02659180488721249,0.01940434551208096,0.0004901632933006796,0.012439294234198067,0.0636382008948185,0.02475354699591675,0.024135032005583777,0.020884308380990688,0.001621556073362884,0.012441130040583602
0.0007096636637726799,0.01379341342884839,0.04323723216461241,0.005700462007796206,0.030572138624559143,0.031031997305369582,0.02805692171576556,0.020767971639443657,0.0117960019014005,0.01575130711263104,0.01365588572267455,0.012908102876807367,0.02152675204588252,0.0028054296133252186,0.02813503275402319,0.015543682696863577,0.018775874789054563,0.008944784847757714,0.057691297832073093,0.017842686740824593,0.042789164488626505,0.033480965258083556,0.03752797658926335,0.03749966659312952,0.00801785768669098,0.0301298165209416,0.006914360708011132,0.010755853678141527,0.02147874200285354,0.032696411576336855,0.00867886693928273,0.00859086509512639,0.014016008343531878,0.0333379101070676,0.021621326482127893,0.021045281245319878,0.018299967450890367,0.023010496786581663,0.005253111648594282,0.013004873161842324,0.012698171312495779,0.03310722057434199,0.010482906252991848,0.01062286244355133,0.03137141919192946,0.01025731981415629,0.013322098888458676,0.015351577462452262,0.021581233287310406,0.01950805471115814,0.007680687211677631,0.006469314615190177,0.03649586047958505,0.027842614240724168,0.03336135032992334,0.019350401557993318,0.0021530077901413328,0.010545925012824297
0.006703136841691539,0.02073501241711426,0.041845942331509324,0.047311513106251306,0.05165197077719924,0.02060056219650456,0.023753627305651184,0.023907887912442458,0.023265895891459137,0.03053444507882969,0.029608852873392644,0.018990653577017413,0.028313973594840187,0.06658607805052659,0.018824253765114936,0.046045636615516486,0.034087775200850066,0.011926097208313275,0.017842686740824593,0.22648193783165116,0.04783100750731797,0.030683325525000867,0.07536831201858751,0.058364108980912356,0.030748164444049306,0.09784053122631095,0.021679642131211044,0.020547728493540286,0.017675913617172547,0.03039893418307696,0.007690607239123599,0.017848154162777824,0.03769717784512882,0.050041149504867266,0.01644798204404905,0.0330551822699965,0.05603102662794792,0.02801316851919205,0.01163524133501273,0.03448201370700299,0.04080645937302685,0.052336310420290404,-0.012822691610413425,0.01166140175063265,0.01871979351365576,0.025714706776325917,0.028766048209919397,0.026323544539012516,0.014746983611479884,0.032217220775192554,0.01018510013886982,0.021810217122815487,0.10497336468909697,0.06329834034556983,0.020991120239920297,0.05032335753344396,0.007319959286627847,0.014108243289036447
-0.006085015825404351,0.02825180117059067,0.07653329527574601,0.024976641677069398,0.06957196848253454,0.054374912161466275,0.0378718811454236,0.06714992582323423,0.027691899599945058,0.030357862702853455,0.029886951655658082,0.07052115004881009,0.0821361534102437,0.03818101934537344,0.04544164188769539,0.02036264647760907,0.03627516083111298,0.03560968348565189,0.042789164488626505,0.04783100750731797,0.2661215425641545,0.06513006158534579,0.07928968003069034,0.06381596959830464,0.027834335026416645,0.08317281263916651,0.0192357287256906,0.018944438709461615,0.03531843316743563,0.06510225044099952,0.014160481429431129,0.034078098350660044,0.053727886702024136,0.05056171979978022,0.04113883016957673,0.051798770583667296,0.06967415990988385,0.016022550618414122,0.00599745198940706,0.01568197830211975,0.041283820721451085,0.047827223920654235,0.043332014898794353,0.020308812391189042,0.06311601141291115,0.02723168135360688,0.03048059459505536,0.03159904111045252,0.048521602862372865,0.033714809049385536,0.0070392177159941515,0.016745925539082742,0.10297901981345549,0.06351443059156826,0.056152633285044,0.04917529127272171,0.011611695738104229,0.04872115971962178
0.0002490396402501433,0.030887037545092068,0.06648249066131053,0.019090791454150227,0.049427748625140336,0.054554568131107435,0.028098046377166827,0.05860479953982435,0.026654922623180383,0.037659882317557326,0.03178826674639385,0.018993974207227277,0.037641258613076586,0.0329808004232397,0.0403864000327793,0.037564156505179046,0.03407468077240236,0.03556994721390808,0.033480965258083556,0.030683325525000867,0.06513006158534579,0.08603504041826003,0.10012264980414326,0.0650376572699508,0.019992683754365463,0.0782054477361275,0.016635852716182318,0.019461981520276162,0.0337012782893479,0.05527288044249041,0.011809803781963607,0.013603440290603825,0.05156327613492564,0.07041493195838887,0.038127821773026,0.04495854333194414,0.052175779069917265,0.03107541942289294,0.011743338215495912,0.02651966445848346,0.03571019920959815,0.037494946177436796,0.03476681629396078,0.022626121339281467,0.05358915556926469,0.02019071253002539,0.027242004993628936,0.028719343348772075,0.03318776667795185,0.035346664392019625,0.009535413553512078,0.015234526218266398,0.09278265922294257,0.05796117948191266,0.05329860560853387,0.032980341842864566,0.0049644651317863955,0.01950285644022993
0.003917701769089175,0.03980017438365674,0.11159305968842562,0.04870818256095855,0.08582039255118161,0.07801835230229597,0.022767996112164107,0.1005429000386913,0.04540037938134312,0.07473507202835258,0.05032736242314089,0.0633242566893674,0.06134708362344646,0.08070132097854492,0.03498313122499413,0.06900543496169777,0.04829144985849181,0.02860957711901173,0.03752797658926335,0.07536831201858751,0.07928968003069034,0.10012264980414326,0.47718954456712775,0.10171324410921596,0.04426447594396126,0.16494441292532808,0.026856946177019673,0.040618260678128904,0.04162824399894586,0.0791312133177719,0.015989579015781713,0.022806832609696855,0.08396344210891236,0.09651151570616355,0.05001630447134119,0.054410979414109675,0.1215859751614903,0.05148631609399065,0.024939450608548693,0.04189918321802851,0.04854494818268841,0.06596008646440105,0.06465328672741277,0.02715315966243162,0.059181886364637205,0.02573132475336411,0.044529929794860174,0.03396546360795694,0.028489106614809027,0.055502612420018624,0.01036360424413855,0.02564634139862641,0.1539452030945411,0.09890197761498984,0.06497350013322387,0.04919850545477778,0.0037806192344409873,0.026855445426956257
0.003161561369309806,0.0349523332677218,0.08072684258260546,0.0320356061433979,0.09853812212077459,0.05499082206814905,0.03721227973305155,0.044545387116923955,0.036266057149103643,0.0533881889758421,0.044824327177160096,0.06160603970165999,0.06553029142113441,0.06109977674903844,0.041216808457195026,0.07252088737556601,0.07383577504208848,0.036831162161045886,0.03749966659312952,0.058364108980912356,0.06381596959830464,0.0650376572699508,0.10171324410921596,0.27087958269233636,0.02844342490808209,0.06740478681811586,0.022997222255084156,0.027747412934801523,0.03482843226025972,0.06501710998870854,0.011949903934797732,0.016406623278740803,0.05367090831727364,0.06790718519436942,0.032161669539691747,0.0652364173048012,0.05717661164228243,0.067380519328783,0.023001732153861018,0.048706719714902695,0.059161473967055074,0.036647489826312135,0.031621633368722944,0.03574523989721162,0.05558972774632195,0.04164805598613514,0.05058469238791301,0.04480759650783159,0.0391840879325394,0.056050024394613776,0.0007014273125886447,0.02249736263059087,0.1652072314791049,0.0685702370485398,0.04733300764798251,0.07966055257299698,0.009814360867426044,0.01894078890748116
0.01870505018127146,0.011561284185321909,0.02635560365467592,0.022751072462569973,0.02981744612256013,0.013747575011014253,0.009460296238394186,0.01910241937154794,0.007980000481243157,0.03173610247941201,0.01371669671185126,0.0102211617204178,0.01875399232464321,0.0165222620529844,0.01174325777655882,0.0181748786135791,0.021830530774690375,0.021575394953545518,0.00801785768669098,0.030748164444049306,0.027834335026416645,0.019992683754365463,0.04426447594396126,0.02844342490808209,0.05943950637903668,0.03605838816521105,0.028594665977853078,0.02482340044569281,0.011726165943716643,0.01039703238745371,0.006849631388087676,0.013009262096440447,0.013835120276101554,0.017032335906708808,0.00910045953265606,0.021676418066593917,0.024365654465876675,0.01479150144889599,0.02501343481691502,0.02375932558653706,0.013237779732864911,0.016618374905555,0.016414472173818338,0.013930194727485162,0.017482499784088393,0.015032882188179409,0.018773950309875262,0.018314625759377576,0.011595786837320793,0.022708357988740456,0.0017899907508976257,0.026909602087857566,0.045654341440018134,0.025272799524847834,0.010613377359395269,0.0203758423391488,0.006423525084063892,0.01507459101398069
-0.005245570777525388,0.029234266467552686,0.10887976959414283,0.021481012536493666,0.0663719350331371,0.05490202738419266,0.018214135881901693,0.09307022038197077,0.05269590323700645,0.036723529265501584,0.04577454845371397,0.03776524066780773,0.0651449140481516,0.060229131041246796,0.030482084534283915,0.04308826847164068,0.040569794824663885,0.036093011801246994,0.0301298165209416,0.09784053122631095,0.08317281263916651,0.0782054477361275,0.16494441292532808,0.06740478681811586,0.03605838816521105,0.40510509199980443,0.015930641169427304,0.0104346177450352,0.026080942045934818,0.06994679877919073,0.015357859110934237,0.03781361096029311,0.13155137001048142,0.06375903376654757,0.03937011450737384,0.05866014493949223,0.1148522720489698,0.018148586884466564,0.008194188613805123,0.026576752837455166,0.02485659124716854,0.0578095944542116,0.03036983123687292,0.016411658682414197,0.048890255277371446,0.02486146976234168,0.03364635370620699,0.03735527897681861,0.02703572140623263,0.029963172855981973,-6.3289460139829695e-06,0.009954706875019823,0.25623729696456016,0.09200571150645805,0.050019898829203366,0.030126113226305325,0.01239136886664119,0.05100653797971304
0.017684099094868844,0.014022999430987159,0.008721094737016688,0.010572491529717662,0.02541271971436168,0.01090007657794033,0.010527365010677301,0.011131598663963457,0.007336999469922851,0.02262248798301715,0.010916338399316642,0.003951325221788716,0.007462845192206116,0.01780912381906393,0.010390182144933001,0.012081154659817895,0.013345054078872511,0.015659973636757363,0.006914360708011132,0.021679642131211044,0.0192357287256906,0.016635852716182318,0.026856946177019673,0.022997222255084156,0.028594665977853078,0.015930641169427304,0.03919931055068697,0.03010997142591032,0.0047430892154626415,0.011183747782225053,0.004737332020228237,0.007100286897707176,0.008835684416647038,0.01040533203628615,0.007679082469674759,0.016301098288210473,0.011707705317661646,0.010922256659732376,0.021398444045307503,0.01816359667135687,0.017543050852447718,0.01338092598174403,0.01002636259452478,0.012560781511600186,0.011759291034118572,0.011202404920525476,0.015320836297307008,0.016994397959244623,0.008542178144744578,0.01826890141968035,0.0012544179208668494,0.023807632323657717,0.017405495413836302,0.02065634137255363,0.009478376702651826,0.018007697509799442,0.003864428395314602,0.010260162764300019
0.015057658933488429,0.014620190283378097,0.01668226824319026,0.02021968732842464,0.031245919707793026,0.014438708267616137,0.01424527146685252,0.008818936483524496,0.00996466659708778,0.022473454664418777,0.014834587725425894,0.00795415738954642,0.015559436036188548,0.01722400125821922,0.011880521527954838,0.012572820131998072,0.016899557150649003,0.014980599877271477,0.010755853678141527,0.020547728493540286,0.018944438709461615,0.019461981520276162,0.040618260678128904,0.027747412934801523,0.02482340044569281,0.0104346177450352,0.03010997142591032,0.038115198286536485,0.010506838825411261,0.014990971305602313,0.004812152946517573,0.004341529077613627,0.010755225639315026,0.018392615401831475,0.010495353505288615,0.015589091177663793,0.012293316272938748,0.0181182460686397,0.02036999829989251,0.019261929364846025,0.018206791588856273,0.012906256472865541,0.01659657156265158,0.014551742582631332,0.017290131573026096,0.010762343182905226,0.01599402132653148,0.017066443941609572,0.012806499870516328,0.023244301423840357,0.0014625011500086836,0.021409577856141174,0.021012156669784256,0.02445933360506424,0.01326763241017376,0.024751416469701634,0.004297521800164234,0.00401955061837566
-0.00039147014700821755,0.010793290511567234,0.0317947605542671,0.006090488601949471,0.016333656048942307,0.024072531579132233,0.028727666107610177,0.018522682100670807,0.010765874110854667,0.016144652768446212,0.010456409939578758,0.021989148035208593,0.032072511341800114,0.019088163129533493,0.031074064806610607,0.02081305352084907,0.04201816275536556,0.020816333460077233,0.02147874200285354,0.017675913617172547,0.03531843316743563,0.0337012782893479,0.04162824399894586,0.03482843226025972,0.011726165943716643,0.026080942045934818,0.0047430892154626415,0.010506838825411261,0.14180161132594465,0.024222566335549544,0.004860766943531443,0.0034120096868973937,0.022369639928615005,0.027917022644127185,0.019034430082842904,0.022511333155315623,0.02103564470816889,0.023205462789428786,0.005142244699140092,0.008080792182053024,0.01536605460072814,-0.00700463039007139,0.023866713846036766,0.008684627682776724,0.026229270758875375,0.009001532388541787,0.01388335650047873,0.011071651727116568,0.020059278371111773,0.04184294423686314,0.003746475173783366,0.010737290901804988,0.036405504870420456,0.02572686010148037,0.027761700300485203,0.03254751909083077,-0.000497492400295895,0.03260638162890573
-0.000320492887739536,0.029395931552710655,0.06325783093197065,0.017007474365947618,0.05837168227186512,0.04649159654192259,0.030036699942957257,0.046281260974282416,0.029748650360921107,0.03550399636278747,0.02551872315958023,0.023316960995878128,0.057269188595083315,0.03307528806230546,0.03439475267106636,0.04107351710111914,0.03568818004665971,0.018652887657525086,0.032696411576336855,0.03039893418307696,0.06510225044099952,0.05527288044249041,0.0791312133177719,0.06501710998870854,0.01039703238745371,0.06994679877919073,0.011183747782225053,0.014990971305602313,0.024222566335549544,0.10326302477416278,0.009510334944559606,0.015250167194090147,0.04729295522188103,0.05619421196744981,0.03125918787047271,0.05069044244013935,0.04836962958719087,0.032318320756064056,0.004144987908121643,0.02676451522552731,0.029529585217628697,0.030269547419690256,0.032557314217475396,0.02186154396867009,0.04635491975276315,0.022069932180547737,0.026435826737784,0.027870699296485002,0.02589683804638128,0.027824835730693883,0.003235387055176218,0.011282614284999725,0.10472782816670641,0.05127147040528746,0.04635305241829481,0.0479550499144614,0.008085864718943693,0.02837499105992368
0.002724328358998258,0.007877356935001268,0.016182946229157433,0.000692300643482815,0.00940670696853006,0.008528555276918709,0.004499701383610046,0.009662155670017667,0.004024017364428857,0.010657303539499665,0.004545523332165152,0.011140576567103235,0.005632440365653398,0.005589758411887659,0.007668502003407105,0.0035557449496249984,0.0023788013726349783,0.008476534189776697,0.00867886693928273,0.007690607239123599,0.014160481429431129,0.011809803781963607,0.015989579015781713,0.011949903934797732,0.006849631388087676,0.015357859110934237,0.004737332020228237,0.004812152946517573,0.004860766943531443,0.009510334944559606,0.010427977320401174,0.014771322146786395,0.00713305367333833,0.015060229275050617,0.006565224756293362,0.008115997032430733,0.010411722345353452,0.0023790362886772377,0.004160543020686955,0.0034354727669249187,0.0047544431230986265,0.0013269035323482657,0.0027338920516820765,0.004954735763397079,0.008783055213044047,0.004359054899484512,0.0060681840135777265,0.007030260049503147,0.006879144969182255,0.007058294178190466,0.001069640683778062,0.0038126218372437027,0.012731535152078284,0.011167000043385226,0.007731254957557099,0.005042442535384291,0.0032866313935262454,-0.0002450730951780653
0.0014537551801209823,0.011669987554867157,0.024193833803378934,-0.0028123709857243175,0.019627912553342744,0.0104543268006982,0.0034244882011355065,0.020578033077739505,0.005927272677429477,0.01562584243672196,0.006003178426707079,0.010879194438046072,9.506372896805338e-05,0.004439043862385626,0.00987542426713514,0.006661090565080418,0.002795783024762447,0.013059660945027928,0.00859086509512639,0.017848154162777824,0.034078098350660044,0.013603440290603825,0.022806832609696855,0.016406623278740803,0.013009262096440447,0.03781361096029311,0.007100286897707176,0.004341529077613627,0.0034120096868973937,0.015250167194090147,0.014771322146786395,0.05606684544918803,0.014100415522494943,0.01654705182884894,0.008201089816066638,0.01587402448604108,0.02893667710361169,0.002503433988047468,0.004184521067813589,0.00032568436778290105,0.0045116165515347445,0.002724364781639583,-0.010725664685576378,0.006721315536997417,0.009335766756942941,0.008665339816712189,0.009338659330813216,0.01056678235380574,0.007655099495398794,0.010167109520950044,-0.007859985281986627,0.004512375230798768,0.047194831188609225,0.018880436489713773,0.007507273274781217,8.66518724436365e-05,0.005148958067206681,0.0028639375883916496
-0.00441066390362577,0.02312698200467107,0.06253389759828824,0.02225754566187812,0.04109317532318611,0.034389588379179485,0.024174549337002645,0.060428928462475766,0.028419260915466555,0.021094933466395047,0.021420063809070206,0.02673601965026257,0.06504957398161945,0.049751797255622794,0.018504327995404954,0.0331870582439134,0.028215902657864608,0.024891256875181872,0.014016008343531878,0.03769717784512882,0.053727886702024136,0.05156327613492564,0.08396344210891236,0.05367090831727364,0.013835120276101554,0.13155137001048142,0.008835684416647038,0.010755225639315026,0.022369639928615005,0.04729295522188103,0.00713305367333833,0.014100415522494943,0.2022942296038395,0.04736793087383426,0.023222343292705953,0.04108700570344259,0.085058521401856,0.015232534628581646,0.0058040619965860595,0.010190758471518374,0.026913748489339223,0.05691976877019893,0.02640381541847762,0.015365320885519855,0.03043770026044315,0.02392068404127725,0.016851332486597526,0.02755362672506602,0.022449293577287054,0.017924759839609613,-0.001508294246515736,0.0038632793859654387,0.17895666502957433,0.045480670771649336,0.03678286627590603,0.03604556080873658,0.0011006918226508454,0.038786049932768914
